
$orca_hessian_file

$act_atom
  0

$act_coord
  0

$act_energy
        0.000000

$multiplicity
  1

$hessian
39
                    0                  1                  2                  3                  4        
    0      1.1976603336E-01   3.0728019048E-02   1.1497640329E-02  -5.6161618744E-02  -7.6751536111E-03
    1      3.0728019048E-02   7.3947012435E-01  -2.1393110301E-03  -9.1211934316E-03  -1.8375511052E-01
    2      1.1497640329E-02  -2.1393110301E-03   6.5110783385E-01  -7.6733684889E-03  -5.9918409502E-02
    3     -5.6161618744E-02  -9.1211934316E-03  -7.6733684889E-03   1.2849694682E-01   2.5904926754E-02
    4     -7.6751536111E-03  -1.8375511052E-01  -5.9918409502E-02   2.5904926754E-02   6.6538985167E-01
    5     -1.0920121997E-02  -1.2585269822E-01  -2.7502400938E-01   1.1503425018E-02  -3.2094553902E-02
    6      5.2704924259E-03  -2.5226371762E-03  -3.2330341650E-03  -5.7880281408E-02  -1.3300831829E-02
    7     -3.7830720941E-03  -3.5713479173E-02  -7.8531529681E-02  -1.1892618677E-02  -3.2335238501E-01
    8     -4.9765613228E-04  -2.2806306068E-02   3.5386483877E-02  -1.6222202631E-03  -8.5187663049E-03
    9     -1.0732036771E-03   2.6132553053E-04  -1.6697458271E-03   2.4934581833E-03   5.4672101672E-04
   10      3.2642063948E-04   5.5611295382E-03  -2.0774963774E-03  -5.8803982992E-04  -2.1940952994E-02
   11     -1.7020473195E-03  -2.5708157113E-03  -7.3372507810E-02   4.6644211858E-03   8.0474079118E-02
   12      4.4993051457E-03  -8.6008102181E-04   4.2358023132E-03  -1.4882290552E-03  -2.8408357117E-03
   13      5.9269070229E-05  -2.6831404623E-02   7.5245438059E-02  -2.8804254242E-03  -4.8465889693E-02
   14      2.0982228351E-03   3.1414165624E-02   2.8024079960E-02  -1.4973998455E-03  -2.3769455695E-02
   15     -5.5964006110E-02  -3.2391868157E-03  -2.3934633197E-03   4.5048896780E-03   2.1218363158E-03
   16     -4.5926621470E-03  -1.7165188999E-01   5.1822181226E-02   3.1631017455E-03   6.0358028148E-02
   17      6.3635334321E-04   1.1388720350E-01  -2.8122186505E-01  -2.8075918174E-03  -2.8867382987E-02
   18     -3.0854572582E-02  -1.4937770276E-02  -6.8163779203E-05   3.1643326703E-04  -1.2824570629E-03
   19     -1.4919839139E-02  -3.3694208483E-01   1.1568513456E-02  -6.0901221121E-04  -1.2917294093E-02
   20     -5.7957852854E-05   1.1730255764E-02  -5.9172678137E-02  -1.3281559524E-03  -2.8510607693E-02
   21      2.5335648876E-03   7.9389761142E-04  -1.2206777181E-03  -3.4759408164E-02  -1.4883828711E-03
   22      1.5093515204E-04   1.2480699621E-02  -1.5664388619E-02  -1.5537981761E-03  -1.1601555894E-01
   23      2.4137683145E-04   1.3810873190E-02  -1.7829532120E-02   3.6345233137E-04   1.1584786306E-01
   24      7.2073155886E-03  -6.2929281863E-04  -1.6673031323E-04  -1.1131255980E-03  -1.1893157099E-05
   25     -6.4519885455E-04  -5.3206492310E-03  -1.0485486801E-03  -2.3344264561E-06  -7.8616883993E-04
   26     -1.3712934620E-04  -4.4529513195E-04   1.9594963623E-03  -2.5719983894E-05  -1.0751036062E-03
   27      1.6823470903E-03   1.3660192072E-04   2.2195960696E-04   7.1690249654E-03  -2.8547855365E-04
   28      8.0814397731E-04   1.2001833882E-02   1.3501347481E-02  -3.0198682811E-04  -3.4999633735E-04
   29     -1.2821454510E-03  -1.6918248704E-02  -1.8595429993E-02  -4.6972396322E-05   3.7970365467E-03
   30     -1.3719071855E-03  -2.3972446975E-04   2.4737250083E-04   6.3326307549E-03  -2.9499692482E-04
   31     -2.0506885416E-04  -6.3110114144E-03   1.9042470565E-03  -1.4263755139E-04   2.6265124069E-03
   32      1.5090462695E-04  -2.1687053529E-04   6.1153900982E-03  -5.7284549762E-04  -5.2674832131E-03
   33     -8.5243012772E-05   2.7075528335E-05   2.5718308835E-05  -6.9968709874E-04  -7.5606450755E-06
   34      2.8602732332E-05   2.2409226217E-04   6.0889565705E-04  -1.7853780917E-05  -6.4554983008E-04
   35      3.1220016288E-05   7.8474075010E-04  -4.9402383170E-04  -3.3836922987E-05  -4.5483970372E-04
   36      4.5514928166E-03  -3.9898162056E-04   2.0014750620E-04   2.7889663998E-03  -1.3908993616E-03
   37     -2.7844792749E-04  -3.2122498672E-03   4.7162779036E-03  -1.9531225199E-03  -2.0145485964E-02
   38     -6.2116836491E-05  -6.6491037540E-04   3.1167621727E-03  -9.2045996606E-04  -1.1648573892E-02
                    5                  6                  7                  8                  9        
    0     -1.0920121997E-02   5.2704924259E-03  -3.7830720941E-03  -4.9765613228E-04  -1.0732036771E-03
    1     -1.2585269822E-01  -2.5226371762E-03  -3.5713479173E-02  -2.2806306068E-02   2.6132553053E-04
    2     -2.7502400938E-01  -3.2330341650E-03  -7.8531529681E-02   3.5386483877E-02  -1.6697458271E-03
    3      1.1503425018E-02  -5.7880281408E-02  -1.1892618677E-02  -1.6222202631E-03   2.4934581833E-03
    4     -3.2094553902E-02  -1.3300831829E-02  -3.2335238501E-01  -8.5187663049E-03   5.4672101672E-04
    5      7.3203117404E-01   1.5386229313E-03   5.5516024457E-02  -1.1359579744E-01   2.1734621733E-03
    6      1.5386229313E-03   1.1178160039E-01   2.3908969890E-02   5.5923139971E-03  -6.5620326490E-02
    7      5.5516024457E-02   2.3908969890E-02   6.2380306154E-01  -6.5156135804E-02  -3.2100725385E-03
    8     -1.1359579744E-01   5.5923139971E-03  -6.5156135804E-02   5.2201974839E-01   1.7465045604E-03
    9      2.1734621733E-03  -6.5620326490E-02  -3.2100725385E-03   1.7465045604E-03   1.5411527196E-01
   10      3.0295379814E-02  -1.5303603113E-03  -1.4754523825E-01   1.1645286426E-01   2.7302713834E-02
   11      3.4152820383E-02  -2.0534215132E-03   3.9451384956E-02  -2.4909348060E-01   1.2490781598E-02
   12     -1.6090692318E-03   6.8517517145E-03   2.8992613137E-03  -2.8418831142E-03  -6.6074646198E-02
   13     -2.6586393409E-02   1.7980334889E-03   5.7627559726E-02  -3.1818116217E-02  -5.5640727987E-03
   14     -1.4831441390E-02  -3.4756155127E-04   1.8353580522E-02  -5.1348662806E-02  -9.9233848415E-03
   15     -5.3973144007E-04  -2.5850721340E-03  -1.4486999591E-03   1.0430645022E-03  -7.0056309714E-04
   16      1.8129172912E-02  -1.5710696478E-03  -4.7152682145E-02   2.9244138129E-02  -3.2578693253E-03
   17     -6.0383061355E-02   1.2388581034E-03   3.3681858715E-02  -2.1197934494E-02  -4.4446571335E-04
   18      1.9596737828E-04   7.2149269416E-03  -3.3456403065E-04  -3.3425107900E-04  -1.2635139780E-03
   19      2.4300999826E-03  -3.5863053339E-04   1.0087333046E-03  -2.4152306885E-03   8.4893932184E-05
   20      4.2040309970E-03  -3.0296541458E-04  -1.6117690311E-03  -3.0046057837E-03  -2.2044740651E-05
   21      2.3718712453E-04   3.1830741876E-03  -7.8343223793E-04   1.3687134282E-03   5.7312873105E-03
   22      1.1300846805E-01  -9.7871703970E-05  -1.1505076331E-02   2.8952859964E-02  -5.5152211052E-04
   23     -2.8078563984E-01  -1.5897519268E-04  -2.0389520148E-03   4.3664350232E-04  -1.2057226331E-04
   24     -1.4074728190E-05   5.2445812833E-03  -3.7825766839E-04  -2.5134962009E-04   5.1484600682E-03
   25     -8.4222371597E-04  -3.5801906923E-04  -1.1514326141E-03  -1.8421681764E-03  -6.9878258696E-05
   26      1.1548878868E-04  -3.0477916654E-04  -2.9828296364E-03  -1.9293652583E-03   2.1605396407E-04
   27     -7.4173093207E-05  -9.0949124245E-04   1.5815625072E-05   7.2390200608E-05   7.9967234849E-03
   28      3.2067154541E-03   1.6405373439E-05  -9.6101521518E-04   8.9605192410E-04  -5.7679229409E-04
   29     -3.5915891364E-03   7.9629374029E-05   1.0734917961E-03   3.1303103154E-04  -7.6408644053E-05
   30     -2.1258976706E-04   7.5331909180E-03  -1.7777748572E-03   1.3843136738E-04  -4.2439694041E-02
   31      1.7364175423E-03  -2.4641222923E-03  -4.6021011061E-02   7.9998846756E-03  -1.1846747413E-02
   32     -7.8943677589E-03   1.6843862541E-03   3.9349963501E-02  -4.2553368692E-03  -1.8835629855E-03
   33     -7.0871421460E-05   1.1187032558E-03   9.2481729141E-05  -7.3843492222E-05  -2.8355584303E-03
   34     -1.0704746674E-03  -1.2627586909E-04  -5.4894067676E-04  -2.0104390940E-03  -2.3916544536E-03
   35     -1.2997704093E-03   4.4148160918E-04   8.2140546535E-03   2.5467925752E-03  -3.0932086257E-04
   36     -2.2107603470E-03  -2.1203149842E-02  -3.2905625294E-03  -4.3271372888E-03   4.5223049094E-03
   37     -3.7869736523E-02  -3.4110642861E-03  -6.8488094095E-02  -4.9007585034E-02  -7.3547418962E-04
   38     -1.3097837501E-02  -4.1876323320E-03  -4.5290194006E-02  -1.1627751612E-01  -2.1762566536E-03
                   10                 11                 12                 13                 14        
    0      3.2642063948E-04  -1.7020473195E-03   4.4993051457E-03   5.9269070229E-05   2.0982228351E-03
    1      5.5611295382E-03  -2.5708157113E-03  -8.6008102181E-04  -2.6831404623E-02   3.1414165624E-02
    2     -2.0774963774E-03  -7.3372507810E-02   4.2358023132E-03   7.5245438059E-02   2.8024079960E-02
    3     -5.8803982992E-04   4.6644211858E-03  -1.4882290552E-03  -2.8804254242E-03  -1.4973998455E-03
    4     -2.1940952994E-02   8.0474079118E-02  -2.8408357117E-03  -4.8465889693E-02  -2.3769455695E-02
    5      3.0295379814E-02   3.4152820383E-02  -1.6090692318E-03  -2.6586393409E-02  -1.4831441390E-02
    6     -1.5303603113E-03  -2.0534215132E-03   6.8517517145E-03   1.7980334889E-03  -3.4756155127E-04
    7     -1.4754523825E-01   3.9451384956E-02   2.8992613137E-03   5.7627559726E-02   1.8353580522E-02
    8      1.1645286426E-01  -2.4909348060E-01  -2.8418831142E-03  -3.1818116217E-02  -5.1348662806E-02
    9      2.7302713834E-02   1.2490781598E-02  -6.6074646198E-02  -5.5640727987E-03  -9.9233848415E-03
   10      6.9517350251E-01   1.8249949780E-02  -7.1852911040E-03  -1.6180504553E-01  -1.1133608634E-01
   11      1.8249949780E-02   6.8139978493E-01  -6.2542756325E-03  -3.7178555059E-02  -2.7019834225E-01
   12     -7.1852911040E-03  -6.2542756325E-03   1.2377029791E-01   2.8151628979E-02   1.0662552177E-02
   13     -1.6180504553E-01  -3.7178555059E-02   2.8151628979E-02   7.0924598167E-01  -4.0287754593E-02
   14     -1.1133608634E-01  -2.7019834225E-01   1.0662552177E-02  -4.0287754593E-02   7.0386359518E-01
   15     -2.2218339681E-03  -2.8889938283E-03  -5.4318881082E-02  -1.4777757100E-02   3.0373356145E-04
   16     -3.2178938920E-02  -7.7690865291E-02  -1.3476145302E-02  -3.4369380866E-01   3.9969723262E-02
   17     -2.8386353862E-02   4.3223860277E-02  -2.7018393178E-03  -2.0990319084E-02  -1.2951711691E-01
   18      6.9913845617E-05  -1.0916997443E-05   7.1893357897E-03  -2.5870296590E-04  -1.1886605103E-04
   19      4.7005900490E-04  -5.2669153752E-05  -2.4571945279E-04   9.0403617341E-04   2.9479842138E-03
   20     -2.9915877641E-04  -1.5991266527E-03  -1.5785486469E-04   2.0467310501E-03  -4.5615709476E-03
   21     -5.1278713380E-04  -1.8874671964E-04  -1.2631455533E-03   1.5498167375E-06   9.9385006047E-06
   22     -4.6478131160E-03  -1.8002226957E-03   7.5968413398E-06  -8.0361769433E-04  -6.5973799874E-04
   23     -4.6000411755E-04   1.3280110206E-03  -5.5961867796E-06  -8.4552469078E-04   3.6247947180E-04
   24      6.2881950428E-04  -1.3516843259E-03  -3.3455069240E-02  -1.8573475738E-03   5.7378683391E-04
   25      1.0703032899E-02  -1.5823755967E-02  -1.8129831146E-03  -1.2236270397E-01   1.1814777288E-01
   26      1.5990089914E-02  -2.1096529068E-02   4.8681896474E-04   1.1632183567E-01  -2.7409130299E-01
   27     -5.8248931393E-04  -5.3584831808E-05   1.8109553883E-03  -6.7100021531E-04  -1.3323500865E-03
   28     -4.4357129728E-03   1.7738402777E-03  -1.3306107073E-03  -1.2570814148E-02  -2.8213860624E-02
   29      1.2820429891E-03   1.6455309879E-03   1.6712781355E-04   2.2052666846E-03   4.5955185507E-03
   30     -1.3034954535E-02   5.4242860444E-04   6.8056994689E-03  -3.7497023836E-03  -5.5810612706E-04
   31     -3.0147601212E-01   4.3396155990E-02  -2.9119576160E-03  -4.6770037604E-02  -1.1583155396E-02
   32     -5.6267138168E-03  -1.0974506685E-01  -2.4267811532E-03  -4.9350688037E-02   7.0889613122E-03
   33     -1.4176238206E-03  -2.1468982364E-03   1.8463258799E-03  -3.2995890676E-04   1.5627384702E-04
   34     -2.8541118840E-02  -4.5857911611E-02  -3.5070309981E-04  -6.5420369223E-03   3.1483655682E-03
   35     -8.7041150621E-03   1.8186524501E-03   1.7916013744E-04   3.6610618334E-03   2.1058007415E-03
   36     -1.2460587382E-03  -1.0481017480E-03   3.8262998333E-03   7.9527744128E-05  -2.3838585081E-05
   37     -9.3368912165E-03  -2.3647391394E-03  -4.5201735375E-05   2.0677812747E-03   1.8592423675E-03
   38     -2.5386273902E-02  -3.8463606818E-02   2.6283742729E-04   7.5862340073E-03  -1.4919979215E-03
                   15                 16                 17                 18                 19        
    0     -5.5964006110E-02  -4.5926621470E-03   6.3635334321E-04  -3.0854572582E-02  -1.4919839139E-02
    1     -3.2391868157E-03  -1.7165188999E-01   1.1388720350E-01  -1.4937770276E-02  -3.3694208483E-01
    2     -2.3934633197E-03   5.1822181226E-02  -2.8122186505E-01  -6.8163779203E-05   1.1568513456E-02
    3      4.5048896780E-03   3.1631017455E-03  -2.8075918174E-03   3.1643326703E-04  -6.0901221121E-04
    4      2.1218363158E-03   6.0358028148E-02  -2.8867382987E-02  -1.2824570629E-03  -1.2917294093E-02
    5     -5.3973144007E-04   1.8129172912E-02  -6.0383061355E-02   1.9596737828E-04   2.4300999826E-03
    6     -2.5850721340E-03  -1.5710696478E-03   1.2388581034E-03   7.2149269416E-03  -3.5863053339E-04
    7     -1.4486999591E-03  -4.7152682145E-02   3.3681858715E-02  -3.3456403065E-04   1.0087333046E-03
    8      1.0430645022E-03   2.9244138129E-02  -2.1197934494E-02  -3.3425107900E-04  -2.4152306885E-03
    9     -7.0056309714E-04  -3.2578693253E-03  -4.4446571335E-04  -1.2635139780E-03   8.4893932184E-05
   10     -2.2218339681E-03  -3.2178938920E-02  -2.8386353862E-02   6.9913845617E-05   4.7005900490E-04
   11     -2.8889938283E-03  -7.7690865291E-02   4.3223860277E-02  -1.0916997443E-05  -5.2669153752E-05
   12     -5.4318881082E-02  -1.3476145302E-02  -2.7018393178E-03   7.1893357897E-03  -2.4571945279E-04
   13     -1.4777757100E-02  -3.4369380866E-01  -2.0990319084E-02  -2.5870296590E-04   9.0403617341E-04
   14      3.0373356145E-04   3.9969723262E-02  -1.2951711691E-01  -1.1886605103E-04   2.9479842138E-03
   15      1.2972190762E-01   2.8372374869E-02   1.4642287599E-02   7.7382345755E-05  -5.6218454980E-04
   16      2.8372374869E-02   6.8566341701E-01   3.5520867823E-02   1.1563145206E-04  -1.0479216502E-02
   17      1.4642287599E-02   3.5520867823E-02   7.1350884635E-01   3.9296342938E-06  -1.6883734073E-03
   18      7.7382345755E-05   1.1563145206E-04   3.9296342938E-06   2.4381063078E-02   1.6251863281E-02
   19     -5.6218454980E-04  -1.0479216502E-02  -1.6883734073E-03   1.6251863281E-02   3.5752177832E-01
   20      1.5163519451E-03   2.9010465261E-02   3.7243180647E-03   1.5785406532E-04  -1.2361740791E-02
   21      7.2218867450E-03  -5.0055174384E-04  -3.9010935494E-04  -3.8478657783E-03   2.2732854815E-04
   22     -4.8692327377E-04  -1.1281892828E-03  -3.3569585571E-03   2.4357004248E-04   7.9793752024E-04
   23     -4.1072859326E-04  -3.8691924036E-03  -2.7449343221E-03   9.8507264659E-05  -1.4307992115E-04
   24      1.4257813366E-03  -5.5019934582E-04   1.4682119847E-03   3.4545163650E-04  -4.8906087313E-05
   25      9.5414627112E-05  -9.2798154749E-03   2.8550112978E-02  -1.5151008713E-05  -5.4945346093E-04
   26      3.1855960148E-06  -1.0692304080E-03   3.9695528956E-03  -1.5297093441E-05  -2.0133673219E-04
   27     -3.5459817987E-02  -7.7121676694E-03  -1.1047980209E-02  -3.4363230227E-03   2.1346479751E-04
   28     -7.7006814457E-03  -1.3581976861E-01  -1.2313203685E-01   1.9526982435E-04   7.6473315705E-04
   29     -1.1044136256E-02  -1.2347395680E-01  -2.5962997546E-01   1.1106481870E-04   2.1982095568E-04
   30      4.9127682182E-03   1.3890384795E-04  -4.0423271412E-04  -5.2300156246E-04   2.9126637646E-05
   31      8.2352851817E-06   5.9808500212E-03  -1.8601095743E-03   3.0958080682E-05   6.3155608007E-05
   32     -6.1788014490E-05   4.8507333495E-03  -9.1463336936E-03   2.2309287326E-05   1.4258287005E-05
   33      1.7583759233E-03  -8.2815390156E-05  -1.3195893124E-04  -5.6195790555E-05   4.1167416578E-06
   34     -1.1188767602E-04   3.2379313628E-04  -2.0004551729E-03   6.9166043038E-06   4.9455243950E-05
   35     -9.0223480232E-05  -1.0070480714E-03   1.0223423514E-04  -5.0074931687E-06  -7.2934632559E-05
   36     -5.9465146201E-04  -4.9284673620E-05  -6.9250356677E-05   4.5687965537E-04  -6.2538245591E-05
   37     -4.5952978851E-05  -9.4177872968E-04  -1.3493039447E-03  -8.9441504449E-05  -6.9183944504E-04
   38     -7.1770521308E-05  -1.4457385599E-03  -6.8759053815E-04  -3.7048858530E-05  -2.4998432379E-04
                   20                 21                 22                 23                 24        
    0     -5.7957852854E-05   2.5335648876E-03   1.5093515204E-04   2.4137683145E-04   7.2073155886E-03
    1      1.1730255764E-02   7.9389761142E-04   1.2480699621E-02   1.3810873190E-02  -6.2929281863E-04
    2     -5.9172678137E-02  -1.2206777181E-03  -1.5664388619E-02  -1.7829532120E-02  -1.6673031323E-04
    3     -1.3281559524E-03  -3.4759408164E-02  -1.5537981761E-03   3.6345233137E-04  -1.1131255980E-03
    4     -2.8510607693E-02  -1.4883828711E-03  -1.1601555894E-01   1.1584786306E-01  -1.1893157099E-05
    5      4.2040309970E-03   2.3718712453E-04   1.1300846805E-01  -2.8078563984E-01  -1.4074728190E-05
    6     -3.0296541458E-04   3.1830741876E-03  -9.7871703970E-05  -1.5897519268E-04   5.2445812833E-03
    7     -1.6117690311E-03  -7.8343223793E-04  -1.1505076331E-02  -2.0389520148E-03  -3.7825766839E-04
    8     -3.0046057837E-03   1.3687134282E-03   2.8952859964E-02   4.3664350232E-04  -2.5134962009E-04
    9     -2.2044740651E-05   5.7312873105E-03  -5.5152211052E-04  -1.2057226331E-04   5.1484600682E-03
   10     -2.9915877641E-04  -5.1278713380E-04  -4.6478131160E-03  -4.6000411755E-04   6.2881950428E-04
   11     -1.5991266527E-03  -1.8874671964E-04  -1.8002226957E-03   1.3280110206E-03  -1.3516843259E-03
   12     -1.5785486469E-04  -1.2631455533E-03   7.5968413398E-06  -5.5961867796E-06  -3.3455069240E-02
   13      2.0467310501E-03   1.5498167375E-06  -8.0361769433E-04  -8.4552469078E-04  -1.8573475738E-03
   14     -4.5615709476E-03   9.9385006047E-06  -6.5973799874E-04   3.6247947180E-04   5.7378683391E-04
   15      1.5163519451E-03   7.2218867450E-03  -4.8692327377E-04  -4.1072859326E-04   1.4257813366E-03
   16      2.9010465261E-02  -5.0055174384E-04  -1.1281892828E-03  -3.8691924036E-03  -5.5019934582E-04
   17      3.7243180647E-03  -3.9010935494E-04  -3.3569585571E-03  -2.7449343221E-03   1.4682119847E-03
   18      1.5785406532E-04  -3.8478657783E-03   2.4357004248E-04   9.8507264659E-05   3.4545163650E-04
   19     -1.2361740791E-02   2.2732854815E-04   7.9793752024E-04  -1.4307992115E-04  -4.8906087313E-05
   20      5.8635650086E-02   1.3538691036E-04   5.7022705628E-04   1.0572372482E-03   5.9858034937E-05
   21      1.3538691036E-04   2.4404420161E-02   2.0630524613E-03  -1.0713223825E-04  -4.6397592986E-04
   22      5.7022705628E-04   2.0630524613E-03   1.2009834183E-01  -1.2252843288E-01   2.6415603727E-05
   23      1.0572372482E-03  -1.0713223825E-04  -1.2252843288E-01   2.9744095757E-01   1.3800637096E-05
   24      5.9858034937E-05  -4.6397592986E-04   2.6415603727E-05   1.3800637096E-05   2.3797194932E-02
   25      1.3297947978E-03   2.7142553770E-05   4.8301591689E-05   8.4624684922E-05   2.2592904379E-03
   26      6.6623447645E-05   1.1858996436E-05   4.7438254649E-05  -2.6791917955E-05  -5.0871839596E-04
   27      6.9006305979E-05   6.6558087745E-05  -2.6241385669E-06   1.2673671698E-05  -3.9752652390E-03
   28     -6.0564651502E-04   3.0360105412E-05   3.9295346125E-04   6.9217272299E-04   2.6353382136E-04
   29      1.0556854519E-03  -6.3872691230E-05  -8.3665103814E-04  -9.1532934325E-04   8.4930273509E-05
   30      2.6674635925E-05   7.7957769810E-05  -4.3232546761E-05  -9.8201733356E-06  -3.5000536076E-03
   31      1.2435962154E-04  -7.6994745834E-05  -1.3657936580E-03  -2.3025681384E-04   2.6944953815E-04
   32      4.1397729438E-04   6.8472256481E-05   1.3316882977E-03   1.5668764633E-04   1.7062551329E-04
   33      3.1760332680E-06   4.9014934625E-05   1.9448984396E-05   2.8909314577E-06  -5.9904051246E-04
   34      8.6092217289E-05   8.3599201857E-06   2.0367922383E-04   3.0802096648E-05   3.7877354812E-05
   35     -1.1063693720E-04   2.5730009423E-05   5.0017427790E-04   1.1663099557E-04   2.0601846615E-05
   36     -9.9410202437E-05  -2.9333686582E-03   2.2645022776E-04   7.7335994615E-05  -6.2254718255E-05
   37     -1.5043302078E-03   2.0896035231E-04   1.4441357654E-03  -3.4972325963E-04  -8.7702829358E-06
   38     -7.0890413158E-04   1.1603848141E-04   4.3436623291E-04   1.4035800858E-03  -9.9864248865E-05
                   25                 26                 27                 28                 29        
    0     -6.4519885455E-04  -1.3712934620E-04   1.6823470903E-03   8.0814397731E-04  -1.2821454510E-03
    1     -5.3206492310E-03  -4.4529513195E-04   1.3660192072E-04   1.2001833882E-02  -1.6918248704E-02
    2     -1.0485486801E-03   1.9594963623E-03   2.2195960696E-04   1.3501347481E-02  -1.8595429993E-02
    3     -2.3344264561E-06  -2.5719983894E-05   7.1690249654E-03  -3.0198682811E-04  -4.6972396322E-05
    4     -7.8616883993E-04  -1.0751036062E-03  -2.8547855365E-04  -3.4999633735E-04   3.7970365467E-03
    5     -8.4222371597E-04   1.1548878868E-04  -7.4173093207E-05   3.2067154541E-03  -3.5915891364E-03
    6     -3.5801906923E-04  -3.0477916654E-04  -9.0949124245E-04   1.6405373439E-05   7.9629374029E-05
    7     -1.1514326141E-03  -2.9828296364E-03   1.5815625072E-05  -9.6101521518E-04   1.0734917961E-03
    8     -1.8421681764E-03  -1.9293652583E-03   7.2390200608E-05   8.9605192410E-04   3.1303103154E-04
    9     -6.9878258696E-05   2.1605396407E-04   7.9967234849E-03  -5.7679229409E-04  -7.6408644053E-05
   10      1.0703032899E-02   1.5990089914E-02  -5.8248931393E-04  -4.4357129728E-03   1.2820429891E-03
   11     -1.5823755967E-02  -2.1096529068E-02  -5.3584831808E-05   1.7738402777E-03   1.6455309879E-03
   12     -1.8129831146E-03   4.8681896474E-04   1.8109553883E-03  -1.3306107073E-03   1.6712781355E-04
   13     -1.2236270397E-01   1.1632183567E-01  -6.7100021531E-04  -1.2570814148E-02   2.2052666846E-03
   14      1.1814777288E-01  -2.7409130299E-01  -1.3323500865E-03  -2.8213860624E-02   4.5955185507E-03
   15      9.5414627112E-05   3.1855960148E-06  -3.5459817987E-02  -7.7006814457E-03  -1.1044136256E-02
   16     -9.2798154749E-03  -1.0692304080E-03  -7.7121676694E-03  -1.3581976861E-01  -1.2347395680E-01
   17      2.8550112978E-02   3.9695528956E-03  -1.1047980209E-02  -1.2313203685E-01  -2.5962997546E-01
   18     -1.5151008713E-05  -1.5297093441E-05  -3.4363230227E-03   1.9526982435E-04   1.1106481870E-04
   19     -5.4945346093E-04  -2.0133673219E-04   2.1346479751E-04   7.6473315705E-04   2.1982095568E-04
   20      1.3297947978E-03   6.6623447645E-05   6.9006305979E-05  -6.0564651502E-04   1.0556854519E-03
   21      2.7142553770E-05   1.1858996436E-05   6.6558087745E-05   3.0360105412E-05  -6.3872691230E-05
   22      4.8301591689E-05   4.7438254649E-05  -2.6241385669E-06   3.9295346125E-04  -8.3665103814E-04
   23      8.4624684922E-05  -2.6791917955E-05   1.2673671698E-05   6.9217272299E-04  -9.1532934325E-04
   24      2.2592904379E-03  -5.0871839596E-04  -3.9752652390E-03   2.6353382136E-04   8.4930273509E-05
   25      1.2593451023E-01  -1.2771862061E-01   2.4789504952E-04   1.1794697222E-03  -3.5442909731E-04
   26     -1.2771862061E-01   2.8922628068E-01   1.2075088481E-04   3.6486563604E-04   7.1625326148E-04
   27      2.4789504952E-04   1.2075088481E-04   2.5804109089E-02   8.6641094113E-03   1.2068865285E-02
   28      1.1794697222E-03   3.6486563604E-04   8.6641094113E-03   1.4104066661E-01   1.3321745750E-01
   29     -3.5442909731E-04   7.1625326148E-04   1.2068865285E-02   1.3321745750E-01   2.7428789246E-01
   30      2.7088570801E-04   1.6876124832E-04   5.7617848774E-05  -8.8531765982E-05  -7.9039959923E-06
   31      1.5770688937E-03   8.6575940785E-04  -5.3981236627E-05  -9.4703675516E-04  -1.6448066243E-04
   32      9.0773287972E-04   2.2253250820E-03  -8.1182742372E-05  -1.6658757162E-03   5.1135706616E-05
   33      3.8127244241E-05   1.9436673738E-05  -1.4568874147E-04  -1.0179043450E-05   1.0377831419E-05
   34      1.5358552985E-04   8.3628195673E-05  -1.0890989434E-05  -4.2304375886E-04   1.0845058296E-04
   35      8.2447532646E-05   9.0944521118E-05   9.2559393733E-06   9.7708204987E-05   8.4797349153E-05
   36     -3.5910214536E-05  -3.4615833861E-05  -6.6074972252E-04   3.6332147095E-05   6.5711656516E-06
   37     -1.4574527349E-04  -1.8229663411E-04   3.5372737229E-05   1.2773096487E-04  -1.5794378326E-04
   38     -1.4716438230E-03  -1.2259758004E-03   7.2419408295E-06  -1.3059645661E-04  -1.7520862004E-05
                   30                 31                 32                 33                 34        
    0     -1.3719071855E-03  -2.0506885416E-04   1.5090462695E-04  -8.5243012772E-05   2.8602732332E-05
    1     -2.3972446975E-04  -6.3110114144E-03  -2.1687053529E-04   2.7075528335E-05   2.2409226217E-04
    2      2.4737250083E-04   1.9042470565E-03   6.1153900982E-03   2.5718308835E-05   6.0889565705E-04
    3      6.3326307549E-03  -1.4263755139E-04  -5.7284549762E-04  -6.9968709874E-04  -1.7853780917E-05
    4     -2.9499692482E-04   2.6265124069E-03  -5.2674832131E-03  -7.5606450755E-06  -6.4554983008E-04
    5     -2.1258976706E-04   1.7364175423E-03  -7.8943677589E-03  -7.0871421460E-05  -1.0704746674E-03
    6      7.5331909180E-03  -2.4641222923E-03   1.6843862541E-03   1.1187032558E-03  -1.2627586909E-04
    7     -1.7777748572E-03  -4.6021011061E-02   3.9349963501E-02   9.2481729141E-05  -5.4894067676E-04
    8      1.3843136738E-04   7.9998846756E-03  -4.2553368692E-03  -7.3843492222E-05  -2.0104390940E-03
    9     -4.2439694041E-02  -1.1846747413E-02  -1.8835629855E-03  -2.8355584303E-03  -2.3916544536E-03
   10     -1.3034954535E-02  -3.0147601212E-01  -5.6267138168E-03  -1.4176238206E-03  -2.8541118840E-02
   11      5.4242860444E-04   4.3396155990E-02  -1.0974506685E-01  -2.1468982364E-03  -4.5857911611E-02
   12      6.8056994689E-03  -2.9119576160E-03  -2.4267811532E-03   1.8463258799E-03  -3.5070309981E-04
   13     -3.7497023836E-03  -4.6770037604E-02  -4.9350688037E-02  -3.2995890676E-04  -6.5420369223E-03
   14     -5.5810612706E-04  -1.1583155396E-02   7.0889613122E-03   1.5627384702E-04   3.1483655682E-03
   15      4.9127682182E-03   8.2352851817E-06  -6.1788014490E-05   1.7583759233E-03  -1.1188767602E-04
   16      1.3890384795E-04   5.9808500212E-03   4.8507333495E-03  -8.2815390156E-05   3.2379313628E-04
   17     -4.0423271412E-04  -1.8601095743E-03  -9.1463336936E-03  -1.3195893124E-04  -2.0004551729E-03
   18     -5.2300156246E-04   3.0958080682E-05   2.2309287326E-05  -5.6195790555E-05   6.9166043038E-06
   19      2.9126637646E-05   6.3155608007E-05   1.4258287005E-05   4.1167416578E-06   4.9455243950E-05
   20      2.6674635925E-05   1.2435962154E-04   4.1397729438E-04   3.1760332680E-06   8.6092217289E-05
   21      7.7957769810E-05  -7.6994745834E-05   6.8472256481E-05   4.9014934625E-05   8.3599201857E-06
   22     -4.3232546761E-05  -1.3657936580E-03   1.3316882977E-03   1.9448984396E-05   2.0367922383E-04
   23     -9.8201733356E-06  -2.3025681384E-04   1.5668764633E-04   2.8909314577E-06   3.0802096648E-05
   24     -3.5000536076E-03   2.6944953815E-04   1.7062551329E-04  -5.9904051246E-04   3.7877354812E-05
   25      2.7088570801E-04   1.5770688937E-03   9.0773287972E-04   3.8127244241E-05   1.5358552985E-04
   26      1.6876124832E-04   8.6575940785E-04   2.2253250820E-03   1.9436673738E-05   8.3628195673E-05
   27      5.7617848774E-05  -5.3981236627E-05  -8.1182742372E-05  -1.4568874147E-04  -1.0890989434E-05
   28     -8.8531765982E-05  -9.4703675516E-04  -1.6658757162E-03  -1.0179043450E-05  -4.2304375886E-04
   29     -7.9039959923E-06  -1.6448066243E-04   5.1135706616E-05   1.0377831419E-05   1.0845058296E-04
   30      3.0265827086E-02   2.6040705946E-02   1.8849656464E-02  -6.8350451568E-03  -7.8580712839E-03
   31      2.6040705946E-02   4.8935692970E-01   1.3077041293E-01  -9.0490984943E-03  -1.0398635341E-01
   32      1.8849656464E-02   1.3077041293E-01   5.3933102068E-01  -1.6332768677E-02  -1.2421445093E-01
   33     -6.8350451568E-03  -9.0490984943E-03  -1.6332768677E-02   7.9771802086E-03   1.0626618938E-02
   34     -7.8580712839E-03  -1.0398635341E-01  -1.2421445093E-01   1.0626618938E-02   1.3847758597E-01
   35     -1.8654921321E-02  -1.7105033690E-01  -4.2154397887E-01   1.8475572546E-02   1.7028938563E-01
   36     -1.3159905106E-03   3.8985572736E-04   4.2441403458E-04  -1.4931414591E-03   1.5684157251E-04
   37      6.1877025210E-04   7.2727393876E-03   9.1324811087E-03   9.1487165396E-05   1.2548520731E-03
   38     -1.3759009039E-04  -1.9240859802E-03  -2.7974137743E-03   7.3379352579E-05   8.2373595471E-04
                   35                 36                 37                 38        
     0      3.1220016288E-05   4.5514928166E-03  -2.7844792749E-04  -6.2116836491E-05
     1      7.8474075010E-04  -3.9898162056E-04  -3.2122498672E-03  -6.6491037540E-04
     2     -4.9402383170E-04   2.0014750620E-04   4.7162779036E-03   3.1167621727E-03
     3     -3.3836922987E-05   2.7889663998E-03  -1.9531225199E-03  -9.2045996606E-04
     4     -4.5483970372E-04  -1.3908993616E-03  -2.0145485964E-02  -1.1648573892E-02
     5     -1.2997704093E-03  -2.2107603470E-03  -3.7869736523E-02  -1.3097837501E-02
     6      4.4148160918E-04  -2.1203149842E-02  -3.4110642861E-03  -4.1876323320E-03
     7      8.2140546535E-03  -3.2905625294E-03  -6.8488094095E-02  -4.5290194006E-02
     8      2.5467925752E-03  -4.3271372888E-03  -4.9007585034E-02  -1.1627751612E-01
     9     -3.0932086257E-04   4.5223049094E-03  -7.3547418962E-04  -2.1762566536E-03
    10     -8.7041150621E-03  -1.2460587382E-03  -9.3368912165E-03  -2.5386273902E-02
    11      1.8186524501E-03  -1.0481017480E-03  -2.3647391394E-03  -3.8463606818E-02
    12      1.7916013744E-04   3.8262998333E-03  -4.5201735375E-05   2.6283742729E-04
    13      3.6610618334E-03   7.9527744128E-05   2.0677812747E-03   7.5862340073E-03
    14      2.1058007415E-03  -2.3838585081E-05   1.8592423675E-03  -1.4919979215E-03
    15     -9.0223480232E-05  -5.9465146201E-04  -4.5952978851E-05  -7.1770521308E-05
    16     -1.0070480714E-03  -4.9284673620E-05  -9.4177872968E-04  -1.4457385599E-03
    17      1.0223423514E-04  -6.9250356677E-05  -1.3493039447E-03  -6.8759053815E-04
    18     -5.0074931687E-06   4.5687965537E-04  -8.9441504449E-05  -3.7048858530E-05
    19     -7.2934632559E-05  -6.2538245591E-05  -6.9183944504E-04  -2.4998432379E-04
    20     -1.1063693720E-04  -9.9410202437E-05  -1.5043302078E-03  -7.0890413158E-04
    21      2.5730009423E-05  -2.9333686582E-03   2.0896035231E-04   1.1603848141E-04
    22      5.0017427790E-04   2.2645022776E-04   1.4441357654E-03   4.3436623291E-04
    23      1.1663099557E-04   7.7335994615E-05  -3.4972325963E-04   1.4035800858E-03
    24      2.0601846615E-05  -6.2254718255E-05  -8.7702829358E-06  -9.9864248865E-05
    25      8.2447532646E-05  -3.5910214536E-05  -1.4574527349E-04  -1.4716438230E-03
    26      9.0944521118E-05  -3.4615833861E-05  -1.8229663411E-04  -1.2259758004E-03
    27      9.2559393733E-06  -6.6074972252E-04   3.5372737229E-05   7.2419408295E-06
    28      9.7708204987E-05   3.6332147095E-05   1.2773096487E-04  -1.3059645661E-04
    29      8.4797349153E-05   6.5711656516E-06  -1.5794378326E-04  -1.7520862004E-05
    30     -1.8654921321E-02  -1.3159905106E-03   6.1877025210E-04  -1.3759009039E-04
    31     -1.7105033690E-01   3.8985572736E-04   7.2727393876E-03  -1.9240859802E-03
    32     -4.2154397887E-01   4.2441403458E-04   9.1324811087E-03  -2.7974137743E-03
    33      1.8475572546E-02  -1.4931414591E-03   9.1487165396E-05   7.3379352579E-05
    34      1.7028938563E-01   1.5684157251E-04   1.2548520731E-03   8.2373595471E-04
    35      4.1702149156E-01  -1.0019679011E-04  -2.3659229388E-03  -4.3893437267E-04
    36     -1.0019679011E-04   1.2117362759E-02   5.5990564412E-03   7.2190423781E-03
    37     -2.3659229388E-03   5.5990564412E-03   9.0794845125E-02   7.9405622604E-02
    38     -4.3893437267E-04   7.2190423781E-03   7.9405622604E-02   1.7068695558E-01

$vibrational_frequencies
39
    0        0.0000000000000000
    1        0.0000000000000000
    2        0.0000000000000000
    3        0.0000000000000000
    4        0.0000000000000000
    5        0.0000000000000000
    6      159.4825574964361863
    7      252.5944132623072846
    8      265.0106984871143254
    9      376.0352190237906029
   10      436.5487504936926371
   11      455.3979148076138586
   12      495.9959171017017070
   13      551.5993288823267449
   14      565.3631376049769415
   15      687.4284919751872849
   16      717.9441672467705757
   17      760.9860203737456459
   18      846.1395452402147157
   19      865.9314635467210337
   20      939.2630900818642203
   21      957.7055919426924220
   22     1047.2411186025913139
   23     1064.7325801039085036
   24     1142.7781861259177276
   25     1181.2599871145769157
   26     1214.1002829214687608
   27     1278.1589467790254275
   28     1325.3366365917647727
   29     1372.6881517795129639
   30     1495.0911108020757183
   31     1514.2068329589462792
   32     1625.4686079364996658
   33     1634.5739468196795769
   34     3175.3704079912336056
   35     3188.0261266860461546
   36     3195.5345100345207356
   37     3202.9914757604460647
   38     3721.3678719387758065

$normal_modes
39 39
                    0                  1                  2                  3                  4        
    0      0.0000000000E+00   0.0000000000E+00   0.0000000000E+00   0.0000000000E+00   0.0000000000E+00
    1      0.0000000000E+00   0.0000000000E+00   0.0000000000E+00   0.0000000000E+00   0.0000000000E+00
    2      0.0000000000E+00   0.0000000000E+00   0.0000000000E+00   0.0000000000E+00   0.0000000000E+00
    3      0.0000000000E+00   0.0000000000E+00   0.0000000000E+00   0.0000000000E+00   0.0000000000E+00
    4      0.0000000000E+00   0.0000000000E+00   0.0000000000E+00   0.0000000000E+00   0.0000000000E+00
    5      0.0000000000E+00   0.0000000000E+00   0.0000000000E+00   0.0000000000E+00   0.0000000000E+00
    6      0.0000000000E+00   0.0000000000E+00   0.0000000000E+00   0.0000000000E+00   0.0000000000E+00
    7      0.0000000000E+00   0.0000000000E+00   0.0000000000E+00   0.0000000000E+00   0.0000000000E+00
    8      0.0000000000E+00   0.0000000000E+00   0.0000000000E+00   0.0000000000E+00   0.0000000000E+00
    9      0.0000000000E+00   0.0000000000E+00   0.0000000000E+00   0.0000000000E+00   0.0000000000E+00
   10      0.0000000000E+00   0.0000000000E+00   0.0000000000E+00   0.0000000000E+00   0.0000000000E+00
   11      0.0000000000E+00   0.0000000000E+00   0.0000000000E+00   0.0000000000E+00   0.0000000000E+00
   12      0.0000000000E+00   0.0000000000E+00   0.0000000000E+00   0.0000000000E+00   0.0000000000E+00
   13      0.0000000000E+00   0.0000000000E+00   0.0000000000E+00   0.0000000000E+00   0.0000000000E+00
   14      0.0000000000E+00   0.0000000000E+00   0.0000000000E+00   0.0000000000E+00   0.0000000000E+00
   15      0.0000000000E+00   0.0000000000E+00   0.0000000000E+00   0.0000000000E+00   0.0000000000E+00
   16      0.0000000000E+00   0.0000000000E+00   0.0000000000E+00   0.0000000000E+00   0.0000000000E+00
   17      0.0000000000E+00   0.0000000000E+00   0.0000000000E+00   0.0000000000E+00   0.0000000000E+00
   18      0.0000000000E+00   0.0000000000E+00   0.0000000000E+00   0.0000000000E+00   0.0000000000E+00
   19      0.0000000000E+00   0.0000000000E+00   0.0000000000E+00   0.0000000000E+00   0.0000000000E+00
   20      0.0000000000E+00   0.0000000000E+00   0.0000000000E+00   0.0000000000E+00   0.0000000000E+00
   21      0.0000000000E+00   0.0000000000E+00   0.0000000000E+00   0.0000000000E+00   0.0000000000E+00
   22      0.0000000000E+00   0.0000000000E+00   0.0000000000E+00   0.0000000000E+00   0.0000000000E+00
   23      0.0000000000E+00   0.0000000000E+00   0.0000000000E+00   0.0000000000E+00   0.0000000000E+00
   24      0.0000000000E+00   0.0000000000E+00   0.0000000000E+00   0.0000000000E+00   0.0000000000E+00
   25      0.0000000000E+00   0.0000000000E+00   0.0000000000E+00   0.0000000000E+00   0.0000000000E+00
   26      0.0000000000E+00   0.0000000000E+00   0.0000000000E+00   0.0000000000E+00   0.0000000000E+00
   27      0.0000000000E+00   0.0000000000E+00   0.0000000000E+00   0.0000000000E+00   0.0000000000E+00
   28      0.0000000000E+00   0.0000000000E+00   0.0000000000E+00   0.0000000000E+00   0.0000000000E+00
   29      0.0000000000E+00   0.0000000000E+00   0.0000000000E+00   0.0000000000E+00   0.0000000000E+00
   30      0.0000000000E+00   0.0000000000E+00   0.0000000000E+00   0.0000000000E+00   0.0000000000E+00
   31      0.0000000000E+00   0.0000000000E+00   0.0000000000E+00   0.0000000000E+00   0.0000000000E+00
   32      0.0000000000E+00   0.0000000000E+00   0.0000000000E+00   0.0000000000E+00   0.0000000000E+00
   33      0.0000000000E+00   0.0000000000E+00   0.0000000000E+00   0.0000000000E+00   0.0000000000E+00
   34      0.0000000000E+00   0.0000000000E+00   0.0000000000E+00   0.0000000000E+00   0.0000000000E+00
   35      0.0000000000E+00   0.0000000000E+00   0.0000000000E+00   0.0000000000E+00   0.0000000000E+00
   36      0.0000000000E+00   0.0000000000E+00   0.0000000000E+00   0.0000000000E+00   0.0000000000E+00
   37      0.0000000000E+00   0.0000000000E+00   0.0000000000E+00   0.0000000000E+00   0.0000000000E+00
   38      0.0000000000E+00   0.0000000000E+00   0.0000000000E+00   0.0000000000E+00   0.0000000000E+00
                    5                  6                  7                  8                  9        
    0      0.0000000000E+00  -1.1543357082E-01   8.8503673070E-03  -2.3952924547E-01   6.2254141497E-03
    1      0.0000000000E+00   5.7002519564E-03   7.0405809568E-02   1.2469978301E-02   6.6719658474E-03
    2      0.0000000000E+00   2.6074540416E-03   9.7809598452E-02   5.9791468556E-03   2.6665172589E-01
    3      0.0000000000E+00  -2.7068451494E-01   7.9228049556E-03   1.5186418022E-01   8.7526537817E-03
    4      0.0000000000E+00   1.3561626979E-02   1.9108777648E-01  -6.0645963828E-03   1.2377293914E-01
    5      0.0000000000E+00   5.8367827369E-03  -9.9693028343E-04  -3.1991546564E-03   1.3421208217E-01
    6      0.0000000000E+00  -1.3669512419E-01   4.1395620018E-03   3.2379813487E-01  -2.8274832321E-04
    7      0.0000000000E+00   6.9259448376E-03   1.9033339584E-01  -1.4522534460E-02   6.4933699227E-02
    8      0.0000000000E+00   2.7909858641E-03  -4.7579778629E-02  -7.2374023352E-03  -1.6900097703E-01
    9      0.0000000000E+00  -6.5942529655E-02  -1.9583531684E-04   2.2020061200E-01   6.3626902954E-03
   10      0.0000000000E+00   3.3796018143E-03   1.0253276127E-01  -1.0095182780E-02   1.6709149486E-01
   11      0.0000000000E+00   1.2282165454E-03  -1.1691581664E-01  -5.6065077794E-03  -8.9938744420E-02
   12      0.0000000000E+00   2.2127631140E-01  -6.0872310455E-03   2.3713206532E-01   1.3059503862E-03
   13      0.0000000000E+00  -1.1036068128E-02  -4.2117685207E-02  -1.1990161068E-02   2.6737126362E-02
   14      0.0000000000E+00  -4.8991645295E-03  -3.9458533116E-02  -5.3837144123E-03   1.0462567919E-02
   15      0.0000000000E+00   2.2920109242E-01   6.5798327436E-04  -1.3719829980E-01   5.6543545919E-03
