
$orca_hessian_file

$act_atom
  0

$act_coord
  0

$act_energy
        0.000000

$multiplicity
  1

$hessian
39
                    0                  1                  2                  3                  4        
    0      1.2659826068E-01   3.0495699418E-02   1.1442919484E-02  -6.0471954816E-02  -7.4781458556E-03
    1      3.0495699418E-02   7.3860612808E-01  -2.8845942282E-03  -8.9240234074E-03  -1.8317194745E-01
    2      1.1442919484E-02  -2.8845942282E-03   6.4753909682E-01  -7.6698273287E-03  -5.9186518593E-02
    3     -6.0471954816E-02  -8.9240234074E-03  -7.6698273287E-03   1.3293536483E-01   2.5541466560E-02
    4     -7.4781458556E-03  -1.8317194745E-01  -5.9186518593E-02   2.5541466560E-02   6.6174869910E-01
    5     -1.0904475783E-02  -1.2436094007E-01  -2.7342458199E-01   1.1545709415E-02  -3.3872553632E-02
    6      6.4225768916E-03  -2.5547586379E-03  -3.2401941156E-03  -5.9758957709E-02  -1.3080314070E-02
    7     -3.8276156326E-03  -3.4938783906E-02  -7.8054450863E-02  -1.1665650032E-02  -3.2051365595E-01
    8     -5.0484217114E-04  -2.2587392700E-02   3.5607180956E-02  -1.5373917928E-03  -8.2456687110E-03
    9     -1.9121864574E-03   3.9300869095E-04  -1.6742484897E-03   3.2305898645E-03   5.0022944444E-04
   10      4.3571086185E-04   7.3629193044E-03  -2.2166380802E-03  -6.3494217602E-04  -2.2302304601E-02
   11     -1.6994598819E-03  -2.5123747163E-03  -7.3116537929E-02   4.6508687504E-03   7.9831731629E-02
   12      6.1738367308E-03  -9.2715348720E-04   4.1864721123E-03  -1.9811815927E-03  -2.8564341859E-03
   13     -5.3709715766E-07  -2.6759002026E-02   7.4691641680E-02  -2.8935010851E-03  -4.8573021346E-02
   14      2.0703649728E-03   3.1420864645E-02   2.7926329506E-02  -1.5091261691E-03  -2.4194353463E-02
   15     -6.0725693576E-02  -3.0310055288E-03  -2.3038954029E-03   6.1773139692E-03   2.0726917022E-03
   16     -4.3842780735E-03  -1.7152177907E-01   5.1869117106E-02   3.1035317565E-03   6.0533655420E-02
   17      6.9474946572E-04   1.1269900677E-01  -2.8023811298E-01  -2.8491153385E-03  -2.8187658121E-02
   18     -3.2904726610E-02  -1.4954220603E-02   1.0197287110E-05   1.4925215574E-03  -1.3150116362E-03
   19     -1.4925618123E-02  -3.3804590468E-01   1.1742488705E-02  -6.4483469680E-04  -1.2319234718E-02
   20      2.2189696901E-05   1.1947020931E-02  -5.8503962958E-02  -1.3663689968E-03  -2.8445821905E-02
   21      3.6370865917E-03   7.2805166881E-04  -1.2610663289E-03  -3.5958549655E-02  -1.4110608800E-03
   22      8.2502514434E-05   1.2387000190E-02  -1.5907626268E-02  -1.4571242479E-03  -1.1650077464E-01
   23      1.9243212339E-04   1.3401436944E-02  -1.7759521117E-02   3.9261470730E-04   1.1676084583E-01
   24      7.1020421706E-03  -6.1855446938E-04  -1.6549463285E-04  -1.1902669549E-03  -5.6911528209E-06
   25     -6.3392309779E-04  -5.1340865202E-03  -1.0031013909E-03   3.4786827080E-06  -8.0866480617E-04
   26     -1.3846616421E-04  -4.3154443093E-04   1.8477861677E-03  -2.0195605616E-05  -9.6432244249E-04
   27      2.8585506845E-03   8.6222346665E-05   2.0954375796E-04   7.0130326382E-03  -2.8045571349E-04
   28      7.5888454869E-04   1.1925799661E-02   1.3728643034E-02  -2.9841496613E-04  -3.8295740023E-04
   29     -1.2830127586E-03  -1.6297355812E-02  -1.8315605688E-02  -4.6600370895E-05   3.7063980621E-03
   30     -1.2960710162E-03  -3.1084388140E-04   2.5475390054E-04   6.1701900794E-03  -2.8038564670E-04
   31     -2.5964079869E-04  -7.6148753318E-03   2.0446254961E-03  -1.3011188063E-04   2.7908988162E-03
   32      1.4726691051E-04  -1.9198137736E-04   5.8333812087E-03  -5.6930562354E-04  -5.0702720791E-03
   33     -1.0780345284E-04   4.2428763922E-05   1.9716546131E-05  -5.6860702714E-04  -8.2948166639E-06
   34      3.7980709388E-05   4.7942932169E-04   4.6979866615E-04  -2.0209721672E-05  -5.8311250146E-04
   35      2.8666411096E-05   6.8838053056E-04  -3.3934890269E-04  -1.9894547403E-05  -3.3675165627E-04
   36      4.6260821783E-03  -4.2747018015E-04   1.9527049837E-04   2.9105048116E-03  -1.3997275994E-03
   37     -2.9840006705E-04  -3.5748975624E-03   4.6935842805E-03  -1.9785309344E-03  -1.9917579927E-02
   38     -7.2479594522E-05  -8.7749603256E-04   2.9438968996E-03  -1.0002107065E-03  -1.1800709179E-02
                    5                  6                  7                  8                  9        
    0     -1.0904475783E-02   6.4225768916E-03  -3.8276156326E-03  -5.0484217114E-04  -1.9121864574E-03
    1     -1.2436094007E-01  -2.5547586379E-03  -3.4938783906E-02  -2.2587392700E-02   3.9300869095E-04
    2     -2.7342458199E-01  -3.2401941156E-03  -7.8054450863E-02   3.5607180956E-02  -1.6742484897E-03
    3      1.1545709415E-02  -5.9758957709E-02  -1.1665650032E-02  -1.5373917928E-03   3.2305898645E-03
    4     -3.3872553632E-02  -1.3080314070E-02  -3.2051365595E-01  -8.2456687110E-03   5.0022944444E-04
    5      7.3006767757E-01   1.6224386432E-03   5.5643037543E-02  -1.1303656616E-01   2.1462827060E-03
    6      1.6224386432E-03   1.1359327655E-01   2.3479294047E-02   5.3973143194E-03  -6.6956173838E-02
    7      5.5643037543E-02   2.3479294047E-02   6.1623318072E-01  -6.6649994402E-02  -3.1236823222E-03
    8     -1.1303656616E-01   5.3973143194E-03  -6.6649994402E-02   5.1531566297E-01   1.6837894930E-03
    9      2.1462827060E-03  -6.6956173838E-02  -3.1236823222E-03   1.6837894930E-03   1.5616121021E-01
   10      2.9713548628E-02  -1.4417276596E-03  -1.4607519835E-01   1.1439928472E-01   2.6120177879E-02
   11      3.4273724871E-02  -2.0424701278E-03   3.9557061872E-02  -2.4777569303E-01   1.2278654039E-02
   12     -1.5935309273E-03   7.4174708554E-03   2.8753882601E-03  -2.8959222979E-03  -6.7110778730E-02
   13     -2.6483824623E-02   1.7591047440E-03   5.7345122457E-02  -3.2176885716E-02  -5.3977842727E-03
   14     -1.4539566482E-02  -3.6920513898E-04   1.8355245600E-02  -5.1131777197E-02  -9.8568296728E-03
   15     -6.1421531683E-04  -3.1284361786E-03  -1.4116146864E-03   1.1321658424E-03   2.2230328828E-04
   16      1.7458885929E-02  -1.5187548471E-03  -4.7001383438E-02   3.0402465601E-02  -3.3366883525E-03
   17     -5.9999153862E-02   1.2844068286E-03   3.3888298523E-02  -2.0325337723E-02  -4.3860851747E-04
   18      1.5228396059E-04   7.0011129119E-03  -3.2058959214E-04  -3.0872845371E-04  -1.0853162981E-03
   19      2.2494024393E-03  -3.4093373527E-04   1.0409171464E-03  -1.9923952604E-03   8.4639812829E-05
   20      3.7666535428E-03  -2.8202609981E-04  -1.3276422302E-03  -2.7568032946E-03  -2.1130967801E-05
   21      2.8194810612E-04   3.5423703429E-03  -8.2971914039E-04   1.3111099274E-03   5.6250523327E-03
   22      1.1426620097E-01  -1.5967922914E-04  -1.1884240030E-02   2.7634118693E-02  -5.3171292543E-04
   23     -2.8097592209E-01  -1.7752948968E-04  -2.4188538280E-03   8.7193039361E-04  -1.3593493074E-04
   24     -8.8539486306E-06   5.2235342519E-03  -3.7057257376E-04  -2.4472287521E-04   4.9496726430E-03
   25     -7.1988523073E-04  -3.5471264960E-04  -1.0830797730E-03  -1.7818928572E-03  -1.2093427401E-04
   26      6.2816564165E-05  -2.9342792394E-04  -2.7811129792E-03  -1.6819219748E-03   1.6587984074E-04
   27     -7.1857587035E-05  -8.5380209708E-04   1.5718847348E-05   7.4847862682E-05   7.8285902679E-03
   28      3.1120450046E-03   1.7883482807E-05  -8.4915043473E-04   8.6525936447E-04  -5.4008226937E-04
   29     -3.3512868580E-03   7.1708578907E-05   8.9596369068E-04   4.2694170590E-04  -6.5944042496E-05
   30     -1.9627563505E-04   7.9718946853E-03  -1.7971820011E-03   2.1973820616E-04  -4.2112202519E-02
   31      2.1184373654E-03  -2.4549583433E-03  -4.5732884190E-02   9.3932339812E-03  -1.1075519081E-02
   32     -8.0236200091E-03   1.7313555291E-03   3.9898406909E-02  -3.2844646999E-03  -1.7394733913E-03
   33     -6.7816857695E-05   7.8070814634E-04   1.5444963798E-04  -8.3750577534E-05  -3.4248492589E-03
   34     -1.0436184964E-03  -8.2944941798E-05   4.0714818957E-04  -2.0531842169E-03  -2.4249055883E-03
   35     -9.3352411155E-04   3.6706895329E-04   6.9751071575E-03   1.2487521147E-03  -1.1253155581E-04
   36     -2.2927931692E-03  -2.1255574814E-02  -3.1625677999E-03  -4.2323531564E-03   4.5840884988E-03
   37     -3.8075081565E-02  -3.2831551720E-03  -6.6947992440E-02  -4.7241863166E-02  -5.5893752788E-04
   38     -1.3886650993E-02  -4.0806942831E-03  -4.3946152328E-02  -1.1347790406E-01  -2.2311620990E-03
                   10                 11                 12                 13                 14        
    0      4.3571086185E-04  -1.6994598819E-03   6.1738367308E-03  -5.3709715766E-07   2.0703649728E-03
    1      7.3629193044E-03  -2.5123747163E-03  -9.2715348720E-04  -2.6759002026E-02   3.1420864645E-02
    2     -2.2166380802E-03  -7.3116537929E-02   4.1864721123E-03   7.4691641680E-02   2.7926329506E-02
    3     -6.3494217602E-04   4.6508687504E-03  -1.9811815927E-03  -2.8935010851E-03  -1.5091261691E-03
    4     -2.2302304601E-02   7.9831731629E-02  -2.8564341859E-03  -4.8573021346E-02  -2.4194353463E-02
    5      2.9713548628E-02   3.4273724871E-02  -1.5935309273E-03  -2.6483824623E-02  -1.4539566482E-02
    6     -1.4417276596E-03  -2.0424701278E-03   7.4174708554E-03   1.7591047440E-03  -3.6920513898E-04
    7     -1.4607519835E-01   3.9557061872E-02   2.8753882601E-03   5.7345122457E-02   1.8355245600E-02
    8      1.1439928472E-01  -2.4777569303E-01  -2.8959222979E-03  -3.2176885716E-02  -5.1131777197E-02
    9      2.6120177879E-02   1.2278654039E-02  -6.7110778730E-02  -5.3977842727E-03  -9.8568296728E-03
   10      6.7147550016E-01   1.6248583129E-02  -7.0042812349E-03  -1.5893950454E-01  -1.0855199596E-01
   11      1.6248583129E-02   6.7702355556E-01  -6.2774548358E-03  -3.6449865557E-02  -2.6916579927E-01
   12     -7.0042812349E-03  -6.2774548358E-03   1.2593771685E-01   2.7857241260E-02   1.0726206069E-02
   13     -1.5893950454E-01  -3.6449865557E-02   2.7857241260E-02   7.0384813367E-01  -4.0303214567E-02
   14     -1.0855199596E-01  -2.6916579927E-01   1.0726206069E-02  -4.0303214567E-02   7.0200483433E-01
   15     -2.2778550006E-03  -2.8875655806E-03  -5.7634135825E-02  -1.4457456131E-02   3.7931983730E-04
   16     -3.2488616811E-02  -7.7163632001E-02  -1.3153422499E-02  -3.4026730920E-01   3.9028812140E-02
   17     -2.7889776041E-02   4.2884084021E-02  -2.6040671565E-03  -2.1199079641E-02  -1.2895370402E-01
   18      7.1241787056E-05  -1.3678928246E-05   6.9503383241E-03  -2.5362113126E-04  -1.2582867702E-04
   19      6.6918351644E-04  -1.1028326285E-04  -2.4473180809E-04   8.4089638913E-04   2.6757352959E-03
   20     -2.9462225171E-04  -1.3934135940E-03  -1.5835169905E-04   1.9164713782E-03  -4.3816950201E-03
   21     -5.0203279907E-04  -1.9090182341E-04  -1.2621368349E-03   9.9503607493E-06   9.6059411442E-06
   22     -4.3190860249E-03  -1.7915498953E-03   1.1308426960E-05  -7.5067393370E-04  -6.4001855597E-04
   23     -7.2754989848E-04   1.1829340685E-03   2.1285303257E-06  -6.8063557380E-04   3.0970772684E-04
   24      5.5879122284E-04  -1.3422709200E-03  -3.3694592869E-02  -1.7583534611E-03   4.8117049796E-04
   25      9.5908579467E-03  -1.5893948793E-02  -1.7239838976E-03  -1.2077971546E-01   1.1734296157E-01
   26      1.4622125543E-02  -2.0297794893E-02   4.1700568897E-04   1.1601855507E-01  -2.7465398902E-01
   27     -5.4377880427E-04  -5.2993891514E-05   2.7024724101E-03  -7.1478291396E-04  -1.3339662878E-03
   28     -3.8749426077E-03   1.8412435842E-03  -1.3814621268E-03  -1.2667300229E-02  -2.7710261564E-02
   29      1.5326982004E-03   1.4572728227E-03   1.6612376870E-04   2.5028182757E-03   4.8443397913E-03
   30     -1.2155051391E-02   5.7622683337E-04   6.8499637045E-03  -3.9489307707E-03  -5.8054139180E-04
   31     -2.8375932758E-01   4.2353040035E-02  -3.0913632042E-03  -4.9538047231E-02  -1.2201585218E-02
   32     -4.7366126205E-03  -1.1066927212E-01  -2.4237783460E-03  -4.9335343655E-02   7.5787845214E-03
   33     -1.5159944040E-03  -2.0109351602E-03   1.8502792131E-03  -2.7178550128E-04   1.5280681875E-04
   34     -3.0551805960E-02  -4.3749698245E-02  -2.9987067191E-04  -5.5085766736E-03   3.1701495440E-03
   35     -5.7821254783E-03   3.6963033267E-03   1.6389481546E-04   3.4302271022E-03   1.8136319407E-03
   36     -1.0980674951E-03  -9.8676088486E-04   3.8007477601E-03   7.1744060958E-05  -4.0339144119E-05
   37     -6.7876744545E-03  -2.1522287806E-03  -6.2522893091E-05   1.7489981337E-03   1.6005539016E-03
   38     -2.6324998897E-02  -3.8099363831E-02   2.8763662252E-04   8.0762424533E-03  -1.6510968166E-03
                   15                 16                 17                 18                 19        
    0     -6.0725693576E-02  -4.3842780735E-03   6.9474946572E-04  -3.2904726610E-02  -1.4925618123E-02
    1     -3.0310055288E-03  -1.7152177907E-01   1.1269900677E-01  -1.4954220603E-02  -3.3804590468E-01
    2     -2.3038954029E-03   5.1869117106E-02  -2.8023811298E-01   1.0197287110E-05   1.1742488705E-02
    3      6.1773139692E-03   3.1035317565E-03  -2.8491153385E-03   1.4925215574E-03  -6.4483469680E-04
    4      2.0726917022E-03   6.0533655420E-02  -2.8187658121E-02  -1.3150116362E-03  -1.2319234718E-02
    5     -6.1421531683E-04   1.7458885929E-02  -5.9999153862E-02   1.5228396059E-04   2.2494024393E-03
    6     -3.1284361786E-03  -1.5187548471E-03   1.2844068286E-03   7.0011129119E-03  -3.4093373527E-04
    7     -1.4116146864E-03  -4.7001383438E-02   3.3888298523E-02  -3.2058959214E-04   1.0409171464E-03
    8      1.1321658424E-03   3.0402465601E-02  -2.0325337723E-02  -3.0872845371E-04  -1.9923952604E-03
    9      2.2230328828E-04  -3.3366883525E-03  -4.3860851747E-04  -1.0853162981E-03   8.4639812829E-05
   10     -2.2778550006E-03  -3.2488616811E-02  -2.7889776041E-02   7.1241787056E-05   6.6918351644E-04
   11     -2.8875655806E-03  -7.7163632001E-02   4.2884084021E-02  -1.3678928246E-05  -1.1028326285E-04
   12     -5.7634135825E-02  -1.3153422499E-02  -2.6040671565E-03   6.9503383241E-03  -2.4473180809E-04
   13     -1.4457456131E-02  -3.4026730920E-01  -2.1199079641E-02  -2.5362113126E-04   8.4089638913E-04
   14      3.7931983730E-04   3.9028812140E-02  -1.2895370402E-01  -1.2582867702E-04   2.6757352959E-03
   15      1.3573788190E-01   2.8011461829E-02   1.4696691927E-02   1.3425030153E-03  -5.8939722928E-04
   16      2.8011461829E-02   6.8116946156E-01   3.6886484705E-02   8.9820744289E-05  -9.8139260716E-03
   17      1.4696691927E-02   3.6886484705E-02   7.1269912511E-01  -2.6133414491E-05  -1.5590950155E-03
   18      1.3425030153E-03   8.9820744289E-05  -2.6133414491E-05   2.5014918065E-02   1.6277213575E-02
   19     -5.8939722928E-04  -9.8139260716E-03  -1.5590950155E-03   1.6277213575E-02   3.5745325731E-01
   20      1.4751465925E-03   2.8789991364E-02   3.2986209928E-03   1.1056164617E-04  -1.2516089532E-02
   21      7.0567670000E-03  -4.9180165870E-04  -3.7856291069E-04  -4.1444904754E-03   2.5070893865E-04
   22     -4.7915315437E-04  -1.1068206910E-03  -3.2743509845E-03   2.6748869479E-04   8.7546020793E-04
   23     -4.0128991326E-04  -3.7553351791E-03  -2.5350440044E-03   1.2099404880E-04   2.6804045288E-05
   24      2.1810683005E-03  -6.0901890966E-04   1.4508973326E-03   2.9514689945E-04  -4.6671594686E-05
   25      4.6245525466E-05  -9.5945611051E-03   2.8361476481E-02  -1.1428325056E-05  -5.4556879507E-04
   26     -2.1523657896E-05  -1.2441306486E-03   4.0273918542E-03  -1.4676077921E-05  -1.8670771090E-04
   27     -3.7245076230E-02  -7.7293602135E-03  -1.1181001024E-02  -3.7560004812E-03   2.2867896247E-04
   28     -7.7185474375E-03  -1.3549060324E-01  -1.2371694933E-01   2.0996148071E-04   8.0478991378E-04
   29     -1.1188043544E-02  -1.2418245871E-01  -2.6087583141E-01   1.1788416038E-04   6.1576820860E-05
   30      4.8527564520E-03   1.6422189394E-04  -4.5606424472E-04  -5.4441502965E-04   1.3734330341E-05
   31      7.3937931825E-06   6.3846396723E-03  -2.7343647554E-03   1.8485915186E-05  -2.7058391242E-04
   32     -8.7300539662E-05   4.4755027867E-03  -9.2749981650E-03   2.1856438109E-05  -2.0180262241E-06
   33      1.7831765338E-03  -9.0720194594E-05  -1.1497456608E-04  -7.3873138291E-05   5.6195312555E-06
   34     -1.1542744449E-04   1.8346039021E-04  -1.7171278256E-03   8.0112133035E-06   5.5906460031E-05
   35     -6.7218015557E-05  -6.0929218730E-04   2.5604109093E-04  -1.5768282168E-06  -2.2889050222E-05
   36     -6.2042865077E-04  -5.8824376600E-05  -8.2788795706E-05   4.1228125901E-04  -6.4931071194E-05
   37     -5.3503336715E-05  -9.8621741485E-04  -1.5452574005E-03  -9.0829013856E-05  -7.4519276403E-04
   38     -1.0770181344E-04  -1.9680182806E-03  -9.6308090603E-04  -4.3339812858E-05  -3.7020021734E-04
                   20                 21                 22                 23                 24        
    0      2.2189696901E-05   3.6370865917E-03   8.2502514434E-05   1.9243212339E-04   7.1020421706E-03
    1      1.1947020931E-02   7.2805166881E-04   1.2387000190E-02   1.3401436944E-02  -6.1855446938E-04
    2     -5.8503962958E-02  -1.2610663289E-03  -1.5907626268E-02  -1.7759521117E-02  -1.6549463285E-04
    3     -1.3663689968E-03  -3.5958549655E-02  -1.4571242479E-03   3.9261470730E-04  -1.1902669549E-03
    4     -2.8445821905E-02  -1.4110608800E-03  -1.1650077464E-01   1.1676084583E-01  -5.6911528209E-06
    5      3.7666535428E-03   2.8194810612E-04   1.1426620097E-01  -2.8097592209E-01  -8.8539486306E-06
    6     -2.8202609981E-04   3.5423703429E-03  -1.5967922914E-04  -1.7752948968E-04   5.2235342519E-03
    7     -1.3276422302E-03  -8.2971914039E-04  -1.1884240030E-02  -2.4188538280E-03  -3.7057257376E-04
    8     -2.7568032946E-03   1.3111099274E-03   2.7634118693E-02   8.7193039361E-04  -2.4472287521E-04
    9     -2.1130967801E-05   5.6250523327E-03  -5.3171292543E-04  -1.3593493074E-04   4.9496726430E-03
   10     -2.9462225171E-04  -5.0203279907E-04  -4.3190860249E-03  -7.2754989848E-04   5.5879122284E-04
   11     -1.3934135940E-03  -1.9090182341E-04  -1.7915498953E-03   1.1829340685E-03  -1.3422709200E-03
   12     -1.5835169905E-04  -1.2621368349E-03   1.1308426960E-05   2.1285303257E-06  -3.3694592869E-02
   13      1.9164713782E-03   9.9503607493E-06  -7.5067393370E-04  -6.8063557380E-04  -1.7583534611E-03
   14     -4.3816950201E-03   9.6059411442E-06  -6.4001855597E-04   3.0970772684E-04   4.8117049796E-04
   15      1.4751465925E-03   7.0567670000E-03  -4.7915315437E-04  -4.0128991326E-04   2.1810683005E-03
   16      2.8789991364E-02  -4.9180165870E-04  -1.1068206910E-03  -3.7553351791E-03  -6.0901890966E-04
   17      3.2986209928E-03  -3.7856291069E-04  -3.2743509845E-03  -2.5350440044E-03   1.4508973326E-03
   18      1.1056164617E-04  -4.1444904754E-03   2.6748869479E-04   1.2099404880E-04   2.9514689945E-04
   19     -1.2516089532E-02   2.5070893865E-04   8.7546020793E-04   2.6804045288E-05  -4.6671594686E-05
   20      5.7820955309E-02   1.5774432317E-04   7.5838911765E-04   1.2820932547E-03   6.0083064942E-05
   21      1.5774432317E-04   2.4708543956E-02   2.0391321697E-03  -8.8323614847E-05  -4.3461606630E-04
   22      7.5838911765E-04   2.0391321697E-03   1.2040836236E-01  -1.2293029403E-01   2.7842196858E-05
   23      1.2820932547E-03  -8.8323614847E-05  -1.2293029403E-01   2.9678568333E-01   1.5262241742E-05
   24      6.0083064942E-05  -4.3461606630E-04   2.7842196858E-05   1.5262241742E-05   2.3726791708E-02
   25      1.3156899493E-03   2.8984619963E-05   9.3818026749E-05   1.2461919116E-04   2.1964639470E-03
   26      5.3250057773E-05   1.2710276569E-05   7.2302134622E-05  -2.6496942212E-05  -4.0587624659E-04
   27      7.4860760033E-05   9.9648942967E-06   4.7018012206E-07   1.3107607678E-05  -4.2067036086E-03
   28     -7.7989622788E-04   3.2961944497E-05   3.9786436892E-04   6.7438598574E-04   2.9281379587E-04
   29      1.3144174828E-03  -6.1427145542E-05  -8.2570769192E-04  -8.8773044695E-04   9.0125379531E-05
   30      2.5718238609E-05   9.3216073730E-05  -4.3417371134E-05  -9.4447045901E-07  -3.3045260068E-03
   31      9.3923915974E-05  -7.5918440651E-05  -1.3864458812E-03  -7.4321845688E-05   2.9840820915E-04
   32      3.9694187727E-04   7.2832732953E-05   1.4122645147E-03   2.2494012628E-04   1.5472449004E-04
   33      4.8105664425E-06   2.6036284205E-05   2.1014137072E-05   2.6661988198E-06  -6.1226152063E-04
   34      9.7791632226E-05   1.3773733619E-05   2.8323734295E-04   3.2043562981E-05   4.1837957188E-05
   35     -6.5801446764E-05   1.6324941137E-05   3.0511430858E-04   7.8457377652E-05   2.1188542671E-05
   36     -1.0305247406E-04  -2.8992444436E-03   2.2270202683E-04   6.1779956828E-05  -3.5288946537E-05
   37     -1.5515353735E-03   2.0559606411E-04   1.5022987025E-03  -4.3054219173E-04  -8.2080386805E-06
   38     -8.3125620324E-04   1.2104257902E-04   9.1855467701E-04   1.4489683172E-03  -1.0459164717E-04
                   25                 26                 27                 28                 29        
    0     -6.3392309779E-04  -1.3846616421E-04   2.8585506845E-03   7.5888454869E-04  -1.2830127586E-03
    1     -5.1340865202E-03  -4.3154443093E-04   8.6222346665E-05   1.1925799661E-02  -1.6297355812E-02
    2     -1.0031013909E-03   1.8477861677E-03   2.0954375796E-04   1.3728643034E-02  -1.8315605688E-02
    3      3.4786827080E-06  -2.0195605616E-05   7.0130326382E-03  -2.9841496613E-04  -4.6600370895E-05
    4     -8.0866480617E-04  -9.6432244249E-04  -2.8045571349E-04  -3.8295740023E-04   3.7063980621E-03
    5     -7.1988523073E-04   6.2816564165E-05  -7.1857587035E-05   3.1120450046E-03  -3.3512868580E-03
    6     -3.5471264960E-04  -2.9342792394E-04  -8.5380209708E-04   1.7883482807E-05   7.1708578907E-05
    7     -1.0830797730E-03  -2.7811129792E-03   1.5718847348E-05  -8.4915043473E-04   8.9596369068E-04
    8     -1.7818928572E-03  -1.6819219748E-03   7.4847862682E-05   8.6525936447E-04   4.2694170590E-04
    9     -1.2093427401E-04   1.6587984074E-04   7.8285902679E-03  -5.4008226937E-04  -6.5944042496E-05
   10      9.5908579467E-03   1.4622125543E-02  -5.4377880427E-04  -3.8749426077E-03   1.5326982004E-03
   11     -1.5893948793E-02  -2.0297794893E-02  -5.2993891514E-05   1.8412435842E-03   1.4572728227E-03
   12     -1.7239838976E-03   4.1700568897E-04   2.7024724101E-03  -1.3814621268E-03   1.6612376870E-04
   13     -1.2077971546E-01   1.1601855507E-01  -7.1478291396E-04  -1.2667300229E-02   2.5028182757E-03
   14      1.1734296157E-01  -2.7465398902E-01  -1.3339662878E-03  -2.7710261564E-02   4.8443397913E-03
   15      4.6245525466E-05  -2.1523657896E-05  -3.7245076230E-02  -7.7185474375E-03  -1.1188043544E-02
   16     -9.5945611051E-03  -1.2441306486E-03  -7.7293602135E-03  -1.3549060324E-01  -1.2418245871E-01
   17      2.8361476481E-02   4.0273918542E-03  -1.1181001024E-02  -1.2371694933E-01  -2.6087583141E-01
   18     -1.1428325056E-05  -1.4676077921E-05  -3.7560004812E-03   2.0996148071E-04   1.1788416038E-04
   19     -5.4556879507E-04  -1.8670771090E-04   2.2867896247E-04   8.0478991378E-04   6.1576820860E-05
   20      1.3156899493E-03   5.3250057773E-05   7.4860760033E-05  -7.7989622788E-04   1.3144174828E-03
   21      2.8984619963E-05   1.2710276569E-05   9.9648942967E-06   3.2961944497E-05  -6.1427145542E-05
   22      9.3818026749E-05   7.2302134622E-05   4.7018012206E-07   3.9786436892E-04  -8.2570769192E-04
   23      1.2461919116E-04  -2.6496942212E-05   1.3107607678E-05   6.7438598574E-04  -8.8773044695E-04
   24      2.1964639470E-03  -4.0587624659E-04  -4.2067036086E-03   2.9281379587E-04   9.0125379531E-05
   25      1.2454385696E-01  -1.2668700061E-01   2.7659271676E-04   1.5180808445E-03  -3.7363267602E-04
   26     -1.2668700061E-01   2.8907827931E-01   1.2672937680E-04   3.4955244150E-04   6.8610846960E-04
   27      2.7659271676E-04   1.2672937680E-04   2.6410771647E-02   8.7085457195E-03   1.2207579895E-02
   28      1.5180808445E-03   3.4955244150E-04   8.7085457195E-03   1.4015312208E-01   1.3342187388E-01
   29     -3.7363267602E-04   6.8610846960E-04   1.2207579895E-02   1.3342187388E-01   2.7465301930E-01
   30      2.8829282734E-04   1.8344219195E-04   7.3683824965E-05  -1.0574109386E-04  -1.6200253637E-05
   31      2.1076285776E-03   1.2871255207E-03  -7.5717127519E-05  -1.2517295916E-03  -3.3333449969E-04
   32      7.4022826109E-04   2.0735809382E-03  -8.4044763752E-05  -1.7106740503E-03   7.6821924158E-05
   33      4.0954224914E-05   2.3051131645E-05  -1.6433830513E-04  -5.5603176096E-06   1.1479194425E-05
   34      1.9152728369E-04   1.1541167498E-04  -7.3076845291E-06  -3.5939577564E-04   1.1641070480E-04
   35      6.6063079057E-05   1.5974284644E-04   1.1493411776E-05   1.2334343101E-04   1.0261480571E-04
   36     -3.5117428885E-05  -3.6294109548E-05  -6.7114564466E-04   3.3146295392E-05   1.7253468946E-06
   37     -1.0009317320E-04  -1.7268972198E-04   3.0784628217E-05   7.6422404464E-05  -2.2835572257E-04
   38     -1.4891408118E-03  -1.3287533856E-03   3.0267364832E-07  -1.9546007047E-04  -1.3108189672E-04
                   30                 31                 32                 33                 34        
    0     -1.2960710162E-03  -2.5964079869E-04   1.4726691051E-04  -1.0780345284E-04   3.7980709388E-05
    1     -3.1084388140E-04  -7.6148753318E-03  -1.9198137736E-04   4.2428763922E-05   4.7942932169E-04
    2      2.5475390054E-04   2.0446254961E-03   5.8333812087E-03   1.9716546131E-05   4.6979866615E-04
    3      6.1701900794E-03  -1.3011188063E-04  -5.6930562354E-04  -5.6860702714E-04  -2.0209721672E-05
    4     -2.8038564670E-04   2.7908988162E-03  -5.0702720791E-03  -8.2948166639E-06  -5.8311250146E-04
    5     -1.9627563505E-04   2.1184373654E-03  -8.0236200091E-03  -6.7816857695E-05  -1.0436184964E-03
    6      7.9718946853E-03  -2.4549583433E-03   1.7313555291E-03   7.8070814634E-04  -8.2944941798E-05
    7     -1.7971820011E-03  -4.5732884190E-02   3.9898406909E-02   1.5444963798E-04   4.0714818957E-04
    8      2.1973820616E-04   9.3932339812E-03  -3.2844646999E-03  -8.3750577534E-05  -2.0531842169E-03
    9     -4.2112202519E-02  -1.1075519081E-02  -1.7394733913E-03  -3.4248492589E-03  -2.4249055883E-03
   10     -1.2155051391E-02  -2.8375932758E-01  -4.7366126205E-03  -1.5159944040E-03  -3.0551805960E-02
   11      5.7622683337E-04   4.2353040035E-02  -1.1066927212E-01  -2.0109351602E-03  -4.3749698245E-02
   12      6.8499637045E-03  -3.0913632042E-03  -2.4237783460E-03   1.8502792131E-03  -2.9987067191E-04
   13     -3.9489307707E-03  -4.9538047231E-02  -4.9335343655E-02  -2.7178550128E-04  -5.5085766736E-03
   14     -5.8054139180E-04  -1.2201585218E-02   7.5787845214E-03   1.5280681875E-04   3.1701495440E-03
   15      4.8527564520E-03   7.3937931825E-06  -8.7300539662E-05   1.7831765338E-03  -1.1542744449E-04
   16      1.6422189394E-04   6.3846396723E-03   4.4755027867E-03  -9.0720194594E-05   1.8346039021E-04
   17     -4.5606424472E-04  -2.7343647554E-03  -9.2749981650E-03  -1.1497456608E-04  -1.7171278256E-03
   18     -5.4441502965E-04   1.8485915186E-05   2.1856438109E-05  -7.3873138291E-05   8.0112133035E-06
   19      1.3734330341E-05  -2.7058391242E-04  -2.0180262241E-06   5.6195312555E-06   5.5906460031E-05
   20      2.5718238609E-05   9.3923915974E-05   3.9694187727E-04   4.8105664425E-06   9.7791632226E-05
   21      9.3216073730E-05  -7.5918440651E-05   7.2832732953E-05   2.6036284205E-05   1.3773733619E-05
   22     -4.3417371134E-05  -1.3864458812E-03   1.4122645147E-03   2.1014137072E-05   2.8323734295E-04
   23     -9.4447045901E-07  -7.4321845688E-05   2.2494012628E-04   2.6661988198E-06   3.2043562981E-05
   24     -3.3045260068E-03   2.9840820915E-04   1.5472449004E-04  -6.1226152063E-04   4.1837957188E-05
   25      2.8829282734E-04   2.1076285776E-03   7.4022826109E-04   4.0954224914E-05   1.9152728369E-04
   26      1.8344219195E-04   1.2871255207E-03   2.0735809382E-03   2.3051131645E-05   1.1541167498E-04
   27      7.3683824965E-05  -7.5717127519E-05  -8.4044763752E-05  -1.6433830513E-04  -7.3076845291E-06
   28     -1.0574109386E-04  -1.2517295916E-03  -1.7106740503E-03  -5.5603176096E-06  -3.5939577564E-04
   29     -1.6200253637E-05  -3.3333449969E-04   7.6821924158E-05   1.1479194425E-05   1.1641070480E-04
   30      2.8048497127E-02   2.5618595519E-02   1.8802144641E-02  -4.9654104302E-03  -7.8980728002E-03
   31      2.5618595519E-02   4.7991501165E-01   1.3630812239E-01  -9.1520821906E-03  -1.0689472736E-01
   32      1.8802144641E-02   1.3630812239E-01   5.3181289141E-01  -1.6321486893E-02  -1.2971457486E-01
   33     -4.9654104302E-03  -9.1520821906E-03  -1.6321486893E-02   6.2112726337E-03   1.0607846044E-02
   34     -7.8980728002E-03  -1.0689472736E-01  -1.2971457486E-01   1.0607846044E-02   1.4181706878E-01
   35     -1.8754216150E-02  -1.7654535478E-01  -4.1443106067E-01   1.8617573694E-02   1.7297597181E-01
   36     -1.8375769449E-03   3.5351956402E-04   2.9975033049E-04  -7.3432967796E-04   1.4093960898E-04
   37      4.7368845211E-04   5.2504423639E-03   7.9342765187E-03   1.7047467195E-04   4.7984051056E-04
   38     -6.2323381225E-05  -1.7168723158E-03  -2.3139263414E-03  -2.2813477835E-04   1.3172880910E-03
                   35                 36                 37                 38        
     0      2.8666411096E-05   4.6260821783E-03  -2.9840006705E-04  -7.2479594522E-05
     1      6.8838053056E-04  -4.2747018015E-04  -3.5748975624E-03  -8.7749603256E-04
     2     -3.3934890269E-04   1.9527049837E-04   4.6935842805E-03   2.9438968996E-03
     3     -1.9894547403E-05   2.9105048116E-03  -1.9785309344E-03  -1.0002107065E-03
     4     -3.3675165627E-04  -1.3997275994E-03  -1.9917579927E-02  -1.1800709179E-02
     5     -9.3352411155E-04  -2.2927931692E-03  -3.8075081565E-02  -1.3886650993E-02
     6      3.6706895329E-04  -2.1255574814E-02  -3.2831551720E-03  -4.0806942831E-03
     7      6.9751071575E-03  -3.1625677999E-03  -6.6947992440E-02  -4.3946152328E-02
     8      1.2487521147E-03  -4.2323531564E-03  -4.7241863166E-02  -1.1347790406E-01
     9     -1.1253155581E-04   4.5840884988E-03  -5.5893752788E-04  -2.2311620990E-03
    10     -5.7821254783E-03  -1.0980674951E-03  -6.7876744545E-03  -2.6324998897E-02
    11      3.6963033267E-03  -9.8676088486E-04  -2.1522287806E-03  -3.8099363831E-02
    12      1.6389481546E-04   3.8007477601E-03  -6.2522893091E-05   2.8763662252E-04
    13      3.4302271022E-03   7.1744060958E-05   1.7489981337E-03   8.0762424533E-03
    14      1.8136319407E-03  -4.0339144119E-05   1.6005539016E-03  -1.6510968166E-03
    15     -6.7218015557E-05  -6.2042865077E-04  -5.3503336715E-05  -1.0770181344E-04
    16     -6.0929218730E-04  -5.8824376600E-05  -9.8621741485E-04  -1.9680182806E-03
    17      2.5604109093E-04  -8.2788795706E-05  -1.5452574005E-03  -9.6308090603E-04
    18     -1.5768282168E-06   4.1228125901E-04  -9.0829013856E-05  -4.3339812858E-05
    19     -2.2889050222E-05  -6.4931071194E-05  -7.4519276403E-04  -3.7020021734E-04
    20     -6.5801446764E-05  -1.0305247406E-04  -1.5515353735E-03  -8.3125620324E-04
    21      1.6324941137E-05  -2.8992444436E-03   2.0559606411E-04   1.2104257902E-04
    22      3.0511430858E-04   2.2270202683E-04   1.5022987025E-03   9.1855467701E-04
    23      7.8457377652E-05   6.1779956828E-05  -4.3054219173E-04   1.4489683172E-03
    24      2.1188542671E-05  -3.5288946537E-05  -8.2080386805E-06  -1.0459164717E-04
    25      6.6063079057E-05  -3.5117428885E-05  -1.0009317320E-04  -1.4891408118E-03
    26      1.5974284644E-04  -3.6294109548E-05  -1.7268972198E-04  -1.3287533856E-03
    27      1.1493411776E-05  -6.7114564466E-04   3.0784628217E-05   3.0267364832E-07
    28      1.2334343101E-04   3.3146295392E-05   7.6422404464E-05  -1.9546007047E-04
    29      1.0261480571E-04   1.7253468946E-06  -2.2835572257E-04  -1.3108189672E-04
    30     -1.8754216150E-02  -1.8375769449E-03   4.7368845211E-04  -6.2323381225E-05
    31     -1.7654535478E-01   3.5351956402E-04   5.2504423639E-03  -1.7168723158E-03
    32     -4.1443106067E-01   2.9975033049E-04   7.9342765187E-03  -2.3139263414E-03
    33      1.8617573694E-02  -7.3432967796E-04   1.7047467195E-04  -2.2813477835E-04
    34      1.7297597181E-01   1.4093960898E-04   4.7984051056E-04   1.3172880910E-03
    35      4.0786086687E-01  -2.7577899030E-04  -1.2844563098E-03   5.5332475865E-04
    36     -2.7577899030E-04   1.1719884614E-02   5.4390987811E-03   7.5066454163E-03
    37     -1.2844563098E-03   5.4390987811E-03   9.0001645621E-02   7.8415279221E-02
    38      5.5332475865E-04   7.5066454163E-03   7.8415279221E-02   1.6773692446E-01

$vibrational_frequencies
39
    0        0.0000000000000000
    1        0.0000000000000000
    2        0.0000000000000000
    3        0.0000000000000000
    4        0.0000000000000000
    5        0.0000000000000000
    6      157.0200912410631702
    7      249.2642920372007893
    8      265.1002138238042107
    9      374.6602662846073599
   10      381.3051148481014252
   11      453.0649665439979685
   12      496.2894050574174685
   13      554.8821009135825761
   14      564.4941626437712330
   15      682.5315335025105696
   16      725.9754745006631538
   17      761.1239044574249419
   18      841.9891741847237654
   19      867.8181830147429991
   20      953.5240029263077304
   21      979.8163557374724633
   22     1042.6414744257465372
   23     1061.7850586845470389
   24     1135.6494399671526025
   25     1171.3886015074747320
   26     1201.9066988191232213
   27     1264.4281025734778723
   28     1318.5891861010536559
   29     1365.2980317867823032
   30     1488.6827437630436179
   31     1504.7247520404143870
   32     1619.0412265484899308
   33     1625.2326301198522742
   34     3176.6356758640154112
   35     3186.7784693188159508
   36     3193.3868901064261081
   37     3202.3322106809737306
   38     3705.0153955842852156

$normal_modes
39 39
                    0                  1                  2                  3                  4        
    0      0.0000000000E+00   0.0000000000E+00   0.0000000000E+00   0.0000000000E+00   0.0000000000E+00
    1      0.0000000000E+00   0.0000000000E+00   0.0000000000E+00   0.0000000000E+00   0.0000000000E+00
    2      0.0000000000E+00   0.0000000000E+00   0.0000000000E+00   0.0000000000E+00   0.0000000000E+00
    3      0.0000000000E+00   0.0000000000E+00   0.0000000000E+00   0.0000000000E+00   0.0000000000E+00
    4      0.0000000000E+00   0.0000000000E+00   0.0000000000E+00   0.0000000000E+00   0.0000000000E+00
    5      0.0000000000E+00   0.0000000000E+00   0.0000000000E+00   0.0000000000E+00   0.0000000000E+00
    6      0.0000000000E+00   0.0000000000E+00   0.0000000000E+00   0.0000000000E+00   0.0000000000E+00
    7      0.0000000000E+00   0.0000000000E+00   0.0000000000E+00   0.0000000000E+00   0.0000000000E+00
    8      0.0000000000E+00   0.0000000000E+00   0.0000000000E+00   0.0000000000E+00   0.0000000000E+00
    9      0.0000000000E+00   0.0000000000E+00   0.0000000000E+00   0.0000000000E+00   0.0000000000E+00
   10      0.0000000000E+00   0.0000000000E+00   0.0000000000E+00   0.0000000000E+00   0.0000000000E+00
   11      0.0000000000E+00   0.0000000000E+00   0.0000000000E+00   0.0000000000E+00   0.0000000000E+00
   12      0.0000000000E+00   0.0000000000E+00   0.0000000000E+00   0.0000000000E+00   0.0000000000E+00
   13      0.0000000000E+00   0.0000000000E+00   0.0000000000E+00   0.0000000000E+00   0.0000000000E+00
   14      0.0000000000E+00   0.0000000000E+00   0.0000000000E+00   0.0000000000E+00   0.0000000000E+00
   15      0.0000000000E+00   0.0000000000E+00   0.0000000000E+00   0.0000000000E+00   0.0000000000E+00
   16      0.0000000000E+00   0.0000000000E+00   0.0000000000E+00   0.0000000000E+00   0.0000000000E+00
   17      0.0000000000E+00   0.0000000000E+00   0.0000000000E+00   0.0000000000E+00   0.0000000000E+00
   18      0.0000000000E+00   0.0000000000E+00   0.0000000000E+00   0.0000000000E+00   0.0000000000E+00
   19      0.0000000000E+00   0.0000000000E+00   0.0000000000E+00   0.0000000000E+00   0.0000000000E+00
   20      0.0000000000E+00   0.0000000000E+00   0.0000000000E+00   0.0000000000E+00   0.0000000000E+00
   21      0.0000000000E+00   0.0000000000E+00   0.0000000000E+00   0.0000000000E+00   0.0000000000E+00
   22      0.0000000000E+00   0.0000000000E+00   0.0000000000E+00   0.0000000000E+00   0.0000000000E+00
   23      0.0000000000E+00   0.0000000000E+00   0.0000000000E+00   0.0000000000E+00   0.0000000000E+00
   24      0.0000000000E+00   0.0000000000E+00   0.0000000000E+00   0.0000000000E+00   0.0000000000E+00
   25      0.0000000000E+00   0.0000000000E+00   0.0000000000E+00   0.0000000000E+00   0.0000000000E+00
   26      0.0000000000E+00   0.0000000000E+00   0.0000000000E+00   0.0000000000E+00   0.0000000000E+00
   27      0.0000000000E+00   0.0000000000E+00   0.0000000000E+00   0.0000000000E+00   0.0000000000E+00
   28      0.0000000000E+00   0.0000000000E+00   0.0000000000E+00   0.0000000000E+00   0.0000000000E+00
   29      0.0000000000E+00   0.0000000000E+00   0.0000000000E+00   0.0000000000E+00   0.0000000000E+00
   30      0.0000000000E+00   0.0000000000E+00   0.0000000000E+00   0.0000000000E+00   0.0000000000E+00
   31      0.0000000000E+00   0.0000000000E+00   0.0000000000E+00   0.0000000000E+00   0.0000000000E+00
   32      0.0000000000E+00   0.0000000000E+00   0.0000000000E+00   0.0000000000E+00   0.0000000000E+00
   33      0.0000000000E+00   0.0000000000E+00   0.0000000000E+00   0.0000000000E+00   0.0000000000E+00
   34      0.0000000000E+00   0.0000000000E+00   0.0000000000E+00   0.0000000000E+00   0.0000000000E+00
   35      0.0000000000E+00   0.0000000000E+00   0.0000000000E+00   0.0000000000E+00   0.0000000000E+00
   36      0.0000000000E+00   0.0000000000E+00   0.0000000000E+00   0.0000000000E+00   0.0000000000E+00
   37      0.0000000000E+00   0.0000000000E+00   0.0000000000E+00   0.0000000000E+00   0.0000000000E+00
   38      0.0000000000E+00   0.0000000000E+00   0.0000000000E+00   0.0000000000E+00   0.0000000000E+00
                    5                  6                  7                  8                  9        
    0      0.0000000000E+00  -1.1394723421E-01   7.0925113777E-03  -2.4116507163E-01   5.3363643648E-03
    1      0.0000000000E+00   4.9268580426E-03   7.0017415471E-02   1.2712873548E-02   6.7747608953E-03
    2      0.0000000000E+00   1.9376859684E-03   9.4503995189E-02   6.4033034402E-03   1.7518238661E-01
    3      0.0000000000E+00  -2.6548977983E-01   7.2439125398E-04   1.5456542679E-01   6.6162312326E-03
    4      0.0000000000E+00   1.1489360318E-02   1.9064868348E-01  -5.7225439688E-03   8.5716841791E-02
    5      0.0000000000E+00   6.0921071496E-03  -3.1590405600E-03  -3.4223108968E-03   8.6590721117E-02
    6      0.0000000000E+00  -1.3364373437E-01  -1.2355164299E-03   3.2544191730E-01   1.2576370850E-02
    7      0.0000000000E+00   4.7387664065E-03   1.9052032438E-01  -1.4121419536E-02   4.6876729530E-02
    8      0.0000000000E+00   2.9332028771E-03  -4.7296250646E-02  -7.4447491839E-03  -1.0983153899E-01
    9      0.0000000000E+00  -6.3375476757E-02  -2.3206756113E-03   2.2201053520E-01   4.7766653832E-03
   10      0.0000000000E+00   2.1365479093E-03   1.0431378950E-01  -9.8330285100E-03   1.0754530775E-01
   11      0.0000000000E+00   2.1405258674E-03  -1.1751247613E-01  -5.8356397494E-03  -6.1543370612E-02
   12      0.0000000000E+00   2.1727814270E-01  -9.4422290011E-04   2.4005184916E-01  -1.3174445793E-02
   13      0.0000000000E+00  -1.0491568502E-02  -4.2888981004E-02  -1.2293891237E-02   1.6451281469E-02
   14      0.0000000000E+00  -4.7074231806E-03  -4.0275939334E-02  -5.3851805521E-03   4.1539158351E-03
   15      0.0000000000E+00   2.2359481388E-01   7.3738082680E-03  -1.3883661103E-01  -6.4309201330E-04
