
$orca_hessian_file

$act_atom
  0

$act_coord
  0

$act_energy
        0.000000

$multiplicity
  1

$hessian
39
                    0                  1                  2                  3                  4        
    0      1.1397514196E-01   2.8765170996E-02   1.2130759735E-02  -5.3889550048E-02  -7.4237994760E-03
    1      2.8765170996E-02   7.0157703979E-01  -3.1279764573E-03  -8.7502082246E-03  -1.7115878462E-01
    2      1.2130759735E-02  -3.1279764573E-03   6.2660186304E-01  -8.3555139114E-03  -6.7234709371E-02
    3     -5.3889550048E-02  -8.7502082246E-03  -8.3555139114E-03   1.1942948313E-01   2.4691507759E-02
    4     -7.4237994760E-03  -1.7115878462E-01  -6.7234709371E-02   2.4691507759E-02   6.3818669634E-01
    5     -1.1068091272E-02  -1.2275330204E-01  -2.6461377014E-01   1.2468094955E-02  -2.8020680256E-02
    6      5.3180403571E-03  -2.4306089355E-03  -2.7568935755E-03  -5.3658838595E-02  -1.2791180350E-02
    7     -3.5390339436E-03  -3.3618092277E-02  -6.7516567641E-02  -1.1534214947E-02  -3.1644357244E-01
    8     -5.2401132197E-04  -2.1564493883E-02   2.7633062559E-02  -1.1449857580E-03  -8.0081035886E-04
    9     -1.6646831639E-03   3.7926181357E-04  -1.4583868177E-03   2.5056485734E-03   4.2616820704E-04
   10      3.7114378868E-04   6.9072579890E-03  -1.3585938046E-03  -5.0825733635E-04  -2.1449381598E-02
   11     -1.4702557792E-03  -1.5154004963E-03  -5.9922175331E-02   3.8596101010E-03   6.6542967466E-02
   12      5.4911910709E-03  -8.6590899001E-04   3.4792876240E-03  -1.9074811526E-03  -2.2688106244E-03
   13     -3.1295603106E-05  -2.6781693893E-02   6.3935785966E-02  -2.3573077640E-03  -3.9043559764E-02
   14      1.7980231132E-03   2.9154559686E-02   2.0829771967E-02  -1.1454385439E-03  -1.8722437368E-02
   15     -5.4468203398E-02  -2.4772474494E-03  -2.2918646170E-03   5.5545923940E-03   1.5713322707E-03
   16     -3.7213995283E-03  -1.5961381741E-01   6.0216385585E-02   2.4775653807E-03   4.9340039571E-02
   17      2.0998114528E-04   1.1149965225E-01  -2.7335052939E-01  -2.6206843815E-03  -2.3389813891E-02
   18     -2.9162500857E-02  -1.4160058441E-02   1.3029440759E-06   7.4265491202E-04  -1.2542562830E-03
   19     -1.4141645138E-02  -3.2405609945E-01   1.1581747368E-02  -5.6759650667E-04  -1.1966694492E-02
   20      1.1554712165E-05   1.1791295314E-02  -5.2972099240E-02  -1.2503586988E-03  -2.6634148976E-02
   21      2.6880836169E-03   7.0424545998E-04  -1.1880089381E-03  -3.1999403473E-02  -1.0424151869E-03
   22      4.5587496916E-05   1.0980030419E-02  -1.4959407680E-02  -1.0805740790E-03  -1.0879751167E-01
   23      1.4685841161E-04   1.2681517118E-02  -1.6875224367E-02  -1.4494620776E-04   1.1299893359E-01
   24      6.6703923316E-03  -5.7284339104E-04  -1.6545164908E-04  -1.1159875847E-03  -2.8101615276E-06
   25     -5.9096767642E-04  -4.9102026748E-03  -1.0181304449E-03   1.5674231936E-06  -7.2357311584E-04
   26     -1.3139451895E-04  -3.3019157019E-04   1.8882756953E-03  -1.6928120436E-05  -9.4436868571E-04
   27      2.0058476604E-03   4.2881006545E-05   1.6774827337E-04   6.5439142475E-03  -2.4728744549E-04
   28      7.2674883987E-04   1.0524203688E-02   1.2955147720E-02  -2.6320441758E-04  -2.8013531330E-04
   29     -1.2171316065E-03  -1.5461845343E-02  -1.7433234760E-02  -5.8821931305E-05   3.5927376170E-03
   30     -1.3054960203E-03  -2.7660707785E-04   2.1296822373E-04   5.8544702996E-03  -2.4050968810E-04
   31     -2.2593782327E-04  -6.8065414832E-03   1.2187295719E-03  -8.2675891358E-05   2.9935118537E-03
   32      1.3471190780E-04  -3.6728258640E-04   5.0922554203E-03  -5.2791651042E-04  -4.2460249668E-03
   33     -1.2506642791E-04   4.5432686771E-05   1.2555790702E-05  -6.0100852754E-04  -7.8964224289E-06
   34      3.6257466579E-05   4.5724294065E-04   3.7415492251E-04  -1.8315361118E-05  -4.9145340740E-04
   35      3.0363131685E-05   7.0915873107E-04  -2.6176372891E-04  -3.8510856143E-05  -5.5387635431E-04
   36      4.4668029216E-03  -4.0594562624E-04   2.1527285499E-04   2.5415058289E-03  -1.4116062385E-03
   37     -2.6839322689E-04  -3.5005430142E-03   4.9260821997E-03  -2.0067223970E-03  -2.0165581335E-02
   38     -5.5143593928E-05  -7.0833865389E-04   3.3835682769E-03  -1.0230853123E-03  -1.2589330115E-02
                    5                  6                  7                  8                  9        
    0     -1.1068091272E-02   5.3180403571E-03  -3.5390339436E-03  -5.2401132197E-04  -1.6646831639E-03
    1     -1.2275330204E-01  -2.4306089355E-03  -3.3618092277E-02  -2.1564493883E-02   3.7926181357E-04
    2     -2.6461377014E-01  -2.7568935755E-03  -6.7516567641E-02   2.7633062559E-02  -1.4583868177E-03
    3      1.2468094955E-02  -5.3658838595E-02  -1.1534214947E-02  -1.1449857580E-03   2.5056485734E-03
    4     -2.8020680256E-02  -1.2791180350E-02  -3.1644357244E-01  -8.0081035886E-04   4.2616820704E-04
    5      6.9511692463E-01   1.4063637504E-03   5.1823161603E-02  -1.0142163910E-01   1.9222727565E-03
    6      1.4063637504E-03   1.0454556362E-01   2.2491983605E-02   5.8683277005E-03  -6.1527515069E-02
    7      5.1823161603E-02   2.2491983605E-02   5.9908967461E-01  -6.7699228364E-02  -2.4825325501E-03
    8     -1.0142163910E-01   5.8683277005E-03  -6.7699228364E-02   4.9179861120E-01   1.2018843813E-03
    9      1.9222727565E-03  -6.1527515069E-02  -2.4825325501E-03   1.2018843813E-03   1.4434381918E-01
   10      2.6703103491E-02  -9.4873854101E-04  -1.3515598975E-01   1.1117037734E-01   2.5070689823E-02
   11      2.8446674898E-02  -1.8846612282E-03   4.8188638871E-02  -2.3764253279E-01   1.3007030815E-02
   12     -1.3135475956E-03   6.2556970739E-03   2.3258496930E-03  -2.6063995548E-03  -6.0866442992E-02
   13     -2.2321719190E-02   1.3420338448E-03   4.7246266012E-02  -2.7498774456E-02  -5.5162291597E-03
   14     -1.1245596439E-02  -5.9352124825E-04   1.3451198654E-02  -4.5947101685E-02  -1.0007998874E-02
   15     -7.9419335047E-04  -2.9785179310E-03  -1.0153397616E-03   8.8754664439E-04  -4.9098851046E-04
   16      1.3910264089E-02  -1.1031090562E-03  -3.7835542680E-02   2.4853463649E-02  -3.0478755834E-03
   17     -5.5863905277E-02   1.0705168123E-03   2.8605974150E-02  -1.6263906368E-02  -4.2036301965E-04
   18      1.6119111995E-04   6.5316540763E-03  -2.9476280255E-04  -3.1327872060E-04  -1.0080511866E-03
   19      2.3955153888E-03  -3.1515082195E-04   1.0759190156E-03  -1.9668605551E-03   7.8620427341E-05
   20      2.9076386311E-03  -2.7135278231E-04  -1.0891879573E-03  -2.5590268295E-03  -2.2432771396E-05
   21     -2.6442989676E-04   2.9371282575E-03  -7.6765391332E-04   1.1938963764E-03   5.3269792516E-03
   22      1.1061023939E-01  -9.0145893525E-05  -1.1605126422E-02   2.5840600323E-02  -5.0436633738E-04
   23     -2.6842368822E-01  -1.9446023917E-04  -2.6531742570E-03   2.7864791343E-04  -1.3023574046E-04
   24     -5.6855454834E-06   4.9447379638E-03  -3.5895614397E-04  -2.2907949583E-04   4.4301298820E-03
   25     -6.9764237337E-04  -3.3126091984E-04  -1.0900065778E-03  -1.4901757419E-03  -1.5930160677E-04
   26      6.8937768318E-05  -2.9042732703E-04  -2.7532184359E-03  -1.5383255860E-03   1.0809691609E-04
   27     -9.1578121367E-05  -7.3810435359E-04   1.6455363766E-05   7.0839860122E-05   7.3432476709E-03
   28      2.9048825395E-03   1.5159295421E-05  -8.2410205038E-04   8.2460139419E-04  -4.8757906050E-04
   29     -3.1928515181E-03   7.2297026296E-05   9.1361998543E-04   4.2164330297E-04  -7.3051563304E-05
   30     -1.7351158196E-04   7.9404779786E-03  -1.7237086251E-03   1.8306207944E-04  -3.9991082007E-02
   31      2.9864702954E-03  -2.3514104529E-03  -4.4885785856E-02   9.5870455170E-03  -1.0774245214E-02
   32     -7.4760644607E-03   1.4845996045E-03   3.6444351342E-02  -3.9109800725E-03  -1.6441674031E-03
   33     -6.5674825714E-05   6.1413701850E-04   1.7071624473E-04  -8.5377846742E-05  -2.9000243278E-03
   34     -9.9564795054E-04  -1.0891314026E-04  -1.2860054120E-04  -2.4035797045E-03  -2.3836068024E-03
   35     -1.2397736036E-03   3.9796910366E-04   7.6811509562E-03   1.3583491680E-03  -2.8407311387E-04
   36     -2.1817252163E-03  -2.0184460394E-02  -3.2642111915E-03  -4.4768311786E-03   4.4989626983E-03
   37     -3.6543083316E-02  -3.4032496618E-03  -6.5825041035E-02  -4.8881402301E-02  -6.1942034565E-04
   38     -1.3062887165E-02  -4.3343507627E-03  -4.5367481768E-02  -1.1220680171E-01  -2.1975594777E-03
                   10                 11                 12                 13                 14        
    0      3.7114378868E-04  -1.4702557792E-03   5.4911910709E-03  -3.1295603106E-05   1.7980231132E-03
    1      6.9072579890E-03  -1.5154004963E-03  -8.6590899001E-04  -2.6781693893E-02   2.9154559686E-02
    2     -1.3585938046E-03  -5.9922175331E-02   3.4792876240E-03   6.3935785966E-02   2.0829771967E-02
    3     -5.0825733635E-04   3.8596101010E-03  -1.9074811526E-03  -2.3573077640E-03  -1.1454385439E-03
    4     -2.1449381598E-02   6.6542967466E-02  -2.2688106244E-03  -3.9043559764E-02  -1.8722437368E-02
    5      2.6703103491E-02   2.8446674898E-02  -1.3135475956E-03  -2.2321719190E-02  -1.1245596439E-02
    6     -9.4873854101E-04  -1.8846612282E-03   6.2556970739E-03   1.3420338448E-03  -5.9352124825E-04
    7     -1.3515598975E-01   4.8188638871E-02   2.3258496930E-03   4.7246266012E-02   1.3451198654E-02
    8      1.1117037734E-01  -2.3764253279E-01  -2.6063995548E-03  -2.7498774456E-02  -4.5947101685E-02
    9      2.5070689823E-02   1.3007030815E-02  -6.0866442992E-02  -5.5162291597E-03  -1.0007998874E-02
   10      6.4626083156E-01   1.9081348994E-02  -7.0162768773E-03  -1.5039323180E-01  -1.0744252997E-01
   11      1.9081348994E-02   6.5366072192E-01  -6.9951394736E-03  -4.5659916983E-02  -2.6155772741E-01
   12     -7.0162768773E-03  -6.9951394736E-03   1.1402302567E-01   2.6675591491E-02   1.1577737171E-02
   13     -1.5039323180E-01  -4.5659916983E-02   2.6675591491E-02   6.7773438016E-01  -3.3407713558E-02
   14     -1.0744252997E-01  -2.6155772741E-01   1.1577737171E-02  -3.3407713558E-02   6.6816987630E-01
   15     -2.0948786677E-03  -2.3538432152E-03  -5.1380744026E-02  -1.4100657376E-02   2.0075924231E-04
   16     -3.0513338229E-02  -6.5763835620E-02  -1.2887153757E-02  -3.3412926852E-01   3.4418665524E-02
   17     -2.6049005130E-02   3.4893448624E-02  -2.2727896823E-03  -1.6165121530E-02  -1.1502310460E-01
   18      7.1982570473E-05  -1.2812878254E-05   6.5015297583E-03  -2.3017148224E-04  -1.2617090539E-04
   19      6.4448168504E-04  -8.9632455836E-05  -2.1511814262E-04   8.4284444606E-04   2.6491529606E-03
   20     -2.9533818517E-04  -1.3466551146E-03  -1.6516448878E-04   1.8249072905E-03  -4.1231322426E-03
   21     -4.7301277181E-04  -1.9036016034E-04  -1.1809948596E-03   5.3190916552E-06   6.4141978253E-06
   22     -4.0763753471E-03  -1.8656879992E-03   7.9331011237E-06  -7.2429263957E-04  -5.9456213996E-04
   23     -5.9559243087E-04   1.1424717579E-03   4.1484019821E-06  -6.6720496761E-04   3.2560155334E-04
   24      5.3047576337E-04  -1.2963626385E-03  -3.0334661545E-02  -1.3396819918E-03  -3.5895268851E-05
   25      8.5540177857E-03  -1.5027503687E-02  -1.3140162813E-03  -1.1316070433E-01   1.1343722209E-01
   26      1.3862846813E-02  -1.9277628472E-02  -8.8666925322E-05   1.1228253575E-01  -2.6253587128E-01
   27     -4.9820808731E-04  -5.3980152164E-05   1.8753674516E-03  -6.2819015879E-04  -1.2212915762E-03
   28     -3.6004524590E-03   1.8730613666E-03  -1.3151831394E-03  -1.2362448037E-02  -2.5925276026E-02
   29      1.4105089075E-03   1.4438159193E-03   1.7515156590E-04   2.6508424549E-03   3.9423829659E-03
   30     -1.1769263228E-02   5.1639876759E-04   5.9537432813E-03  -3.6668562140E-03  -5.5502128432E-04
   31     -2.7907302685E-01   4.0325719450E-02  -2.8064131668E-03  -4.5876709396E-02  -1.1758477290E-02
   32     -4.5927285166E-03  -1.0277476096E-01  -2.2401356000E-03  -4.6539852385E-02   6.8115072220E-03
   33     -1.5854242637E-03  -1.9854580696E-03   1.9861322698E-03  -2.8324831230E-04   1.5184297494E-04
   34     -3.0683090193E-02  -4.2701098056E-02  -2.9757989831E-04  -5.5498477414E-03   3.0629879831E-03
   35     -7.8869210321E-03   1.3033295509E-03   1.5771120092E-04   3.2486707386E-03   2.0582998398E-03
   36     -1.1298157835E-03  -1.1411821766E-03   3.5836379998E-03   1.3159052263E-04  -4.4461882021E-05
   37     -7.4217027936E-03  -3.3565097580E-03  -2.3810297257E-05   2.1982655068E-03   1.6765897976E-03
   38     -2.4039627577E-02  -3.8368982588E-02   2.8283023929E-04   8.3181805198E-03  -1.7049061914E-03
                   15                 16                 17                 18                 19        
    0     -5.4468203398E-02  -3.7213995283E-03   2.0998114528E-04  -2.9162500857E-02  -1.4141645138E-02
    1     -2.4772474494E-03  -1.5961381741E-01   1.1149965225E-01  -1.4160058441E-02  -3.2405609945E-01
    2     -2.2918646170E-03   6.0216385585E-02  -2.7335052939E-01   1.3029440759E-06   1.1581747368E-02
    3      5.5545923940E-03   2.4775653807E-03  -2.6206843815E-03   7.4265491202E-04  -5.6759650667E-04
    4      1.5713322707E-03   4.9340039571E-02  -2.3389813891E-02  -1.2542562830E-03  -1.1966694492E-02
    5     -7.9419335047E-04   1.3910264089E-02  -5.5863905277E-02   1.6119111995E-04   2.3955153888E-03
    6     -2.9785179310E-03  -1.1031090562E-03   1.0705168123E-03   6.5316540763E-03  -3.1515082195E-04
    7     -1.0153397616E-03  -3.7835542680E-02   2.8605974150E-02  -2.9476280255E-04   1.0759190156E-03
    8      8.8754664439E-04   2.4853463649E-02  -1.6263906368E-02  -3.1327872060E-04  -1.9668605551E-03
    9     -4.9098851046E-04  -3.0478755834E-03  -4.2036301965E-04  -1.0080511866E-03   7.8620427341E-05
   10     -2.0948786677E-03  -3.0513338229E-02  -2.6049005130E-02   7.1982570473E-05   6.4448168504E-04
   11     -2.3538432152E-03  -6.5763835620E-02   3.4893448624E-02  -1.2812878254E-05  -8.9632455836E-05
   12     -5.1380744026E-02  -1.2887153757E-02  -2.2727896823E-03   6.5015297583E-03  -2.1511814262E-04
   13     -1.4100657376E-02  -3.3412926852E-01  -1.6165121530E-02  -2.3017148224E-04   8.4284444606E-04
   14      2.0075924231E-04   3.4418665524E-02  -1.1502310460E-01  -1.2617090539E-04   2.6491529606E-03
   15      1.2269422326E-01   2.6731418538E-02   1.4770747064E-02   5.9521086099E-04  -5.3760838654E-04
   16      2.6731418538E-02   6.5582629108E-01   2.9504661003E-02   1.5038718094E-04  -9.5767259726E-03
   17      1.4770747064E-02   2.9504661003E-02   6.8068011827E-01  -3.5617240771E-05  -1.7893623730E-03
   18      5.9521086099E-04   1.5038718094E-04  -3.5617240771E-05   2.2762965062E-02   1.5362972864E-02
   19     -5.3760838654E-04  -9.5767259726E-03  -1.7893623730E-03   1.5362972864E-02   3.4289085433E-01
   20      1.3589398549E-03   2.6853990302E-02   2.6340454230E-03   1.3058677183E-04  -1.2316155850E-02
   21      6.5851567817E-03  -4.5645858396E-04  -3.6574043370E-04  -3.7624095412E-03   2.2884373497E-04
   22     -4.4408847971E-04  -9.8599631889E-04  -3.0757697626E-03   2.4141423195E-04   8.4378593029E-04
   23     -3.9517162196E-04  -3.6860825280E-03  -2.3824610255E-03   1.2357002725E-04   7.6511788033E-05
   24      1.4356366377E-03  -5.5428562122E-04   1.3365034694E-03   3.7857263447E-04  -5.0248074918E-05
   25      1.1820687637E-04  -9.2430282413E-03   2.6549460155E-02  -1.3245513001E-05  -5.4712243206E-04
   26     -2.5446055535E-05  -1.3631742727E-03   3.1768541948E-03  -1.7649874260E-05  -1.8774678879E-04
   27     -3.3300559871E-02  -7.5580862865E-03  -1.1040956578E-02  -3.4161733786E-03   2.0539823257E-04
   28     -7.5430034858E-03  -1.2764957955E-01  -1.1996551255E-01   1.8840167271E-04   7.6985498159E-04
   29     -1.1055996534E-02  -1.2044676082E-01  -2.4898011861E-01   1.1276238936E-04   1.1230289112E-05
   30      4.5777846045E-03   1.3884734704E-04  -4.3838081320E-04  -5.6126089175E-04   1.6239045827E-05
   31     -2.1809703456E-05   5.4025410849E-03  -2.5138965461E-03   2.0647621021E-05  -2.4174333186E-04
   32     -1.1914020071E-04   4.0610597907E-03  -8.6758980206E-03   2.3937302790E-05   4.7780261398E-06
   33      1.7807526741E-03  -1.0080556860E-04  -1.2085812640E-04  -6.9796113981E-05   4.1610028001E-06
   34     -1.2094835378E-04   1.4311205159E-04  -1.6862603460E-03   8.1587648693E-06   5.1537371882E-05
   35     -7.0599562295E-05  -6.5550786867E-04   1.5795536738E-04  -2.6735537693E-06  -4.0209634651E-05
   36     -6.0434347618E-04  -7.1140497819E-05  -8.1130850233E-05   4.6760466487E-04  -6.5499041364E-05
   37     -6.3279984836E-05  -1.1646868682E-03  -1.5230145132E-03  -9.4839579827E-05  -7.3089208207E-04
   38     -1.0296501355E-04  -1.9051197575E-03  -1.0024985883E-03  -4.4943100944E-05  -3.2613816415E-04
                   20                 21                 22                 23                 24        
    0      1.1554712165E-05   2.6880836169E-03   4.5587496916E-05   1.4685841161E-04   6.6703923316E-03
    1      1.1791295314E-02   7.0424545998E-04   1.0980030419E-02   1.2681517118E-02  -5.7284339104E-04
    2     -5.2972099240E-02  -1.1880089381E-03  -1.4959407680E-02  -1.6875224367E-02  -1.6545164908E-04
    3     -1.2503586988E-03  -3.1999403473E-02  -1.0805740790E-03  -1.4494620776E-04  -1.1159875847E-03
    4     -2.6634148976E-02  -1.0424151869E-03  -1.0879751167E-01   1.1299893359E-01  -2.8101615276E-06
    5      2.9076386311E-03  -2.6442989676E-04   1.1061023939E-01  -2.6842368822E-01  -5.6855454834E-06
    6     -2.7135278231E-04   2.9371282575E-03  -9.0145893525E-05  -1.9446023917E-04   4.9447379638E-03
    7     -1.0891879573E-03  -7.6765391332E-04  -1.1605126422E-02  -2.6531742570E-03  -3.5895614397E-04
    8     -2.5590268295E-03   1.1938963764E-03   2.5840600323E-02   2.7864791343E-04  -2.2907949583E-04
    9     -2.2432771396E-05   5.3269792516E-03  -5.0436633738E-04  -1.3023574046E-04   4.4301298820E-03
   10     -2.9533818517E-04  -4.7301277181E-04  -4.0763753471E-03  -5.9559243087E-04   5.3047576337E-04
   11     -1.3466551146E-03  -1.9036016034E-04  -1.8656879992E-03   1.1424717579E-03  -1.2963626385E-03
   12     -1.6516448878E-04  -1.1809948596E-03   7.9331011237E-06   4.1484019821E-06  -3.0334661545E-02
   13      1.8249072905E-03   5.3190916552E-06  -7.2429263957E-04  -6.6720496761E-04  -1.3396819918E-03
   14     -4.1231322426E-03   6.4141978253E-06  -5.9456213996E-04   3.2560155334E-04  -3.5895268851E-05
   15      1.3589398549E-03   6.5851567817E-03  -4.4408847971E-04  -3.9517162196E-04   1.4356366377E-03
   16      2.6853990302E-02  -4.5645858396E-04  -9.8599631889E-04  -3.6860825280E-03  -5.5428562122E-04
   17      2.6340454230E-03  -3.6574043370E-04  -3.0757697626E-03  -2.3824610255E-03   1.3365034694E-03
   18      1.3058677183E-04  -3.7624095412E-03   2.4141423195E-04   1.2357002725E-04   3.7857263447E-04
   19     -1.2316155850E-02   2.2884373497E-04   8.4378593029E-04   7.6511788033E-05  -5.0248074918E-05
   20      5.3480450958E-02   1.5202465881E-04   6.6530118584E-04   1.2271589505E-03   5.4610302034E-05
   21      1.5202465881E-04   2.2406647585E-02   1.5950350157E-03   4.8723129304E-04  -4.8366566376E-04
   22      6.6530118584E-04   1.5950350157E-03   1.1336331695E-01  -1.1864011640E-01   3.0005814076E-05
   23      1.2271589505E-03   4.8723129304E-04  -1.1864011640E-01   2.8396647011E-01   1.7381593429E-05
   24      5.4610302034E-05  -4.8366566376E-04   3.0005814076E-05   1.7381593429E-05   2.1647132510E-02
   25      1.2961921022E-03   3.1650546059E-05   9.4121898993E-05   1.3956681409E-04   1.7424340506E-03
   26      3.4193907993E-05   1.3907804036E-05   7.1989307793E-05  -3.4026991321E-05   1.5644508773E-04
   27      7.9276916248E-05   1.1105700529E-04  -6.8272815973E-06   8.6554252791E-06  -3.8418812067E-03
   28     -6.7318599332E-04   2.8136748493E-05   3.7144023994E-04   6.6424926213E-04   2.6461342165E-04
   29      1.2456043535E-03  -6.4124956390E-05  -8.1018488063E-04  -8.8575964221E-04   9.3671756246E-05
   30      2.7576486067E-05   8.0606886168E-05  -3.9437000868E-05  -4.4266837030E-06  -3.0880561262E-03
   31      8.7623335689E-05  -7.7950577142E-05  -1.4149238767E-03  -1.5163553870E-04   2.8110021253E-04
   32      4.0758914106E-04   7.0110559649E-05   1.3797238258E-03   2.0341769634E-04   1.5963545024E-04
   33      4.6181593656E-06   4.1863530884E-05   2.0915471801E-05   2.7107186629E-06  -5.9542487978E-04
   34      1.0909618872E-04   1.2296068573E-05   2.8459422039E-04   2.6609805846E-05   4.1040842718E-05
   35     -7.8274760663E-05   1.9106270019E-05   3.6210212924E-04   1.0750113772E-04   2.0860185844E-05
   36     -1.1008340134E-04  -2.7510493772E-03   2.2510541832E-04   7.7270197043E-05  -4.6924953904E-05
   37     -1.6232187572E-03   2.1140688981E-04   1.6669366159E-03  -1.9243595535E-04  -9.9912834891E-06
   38     -8.5749317741E-04   1.3138765024E-04   1.0146264037E-03   1.3498911298E-03  -1.0649105907E-04
                   25                 26                 27                 28                 29        
    0     -5.9096767642E-04  -1.3139451895E-04   2.0058476604E-03   7.2674883987E-04  -1.2171316065E-03
    1     -4.9102026748E-03  -3.3019157019E-04   4.2881006545E-05   1.0524203688E-02  -1.5461845343E-02
    2     -1.0181304449E-03   1.8882756953E-03   1.6774827337E-04   1.2955147720E-02  -1.7433234760E-02
    3      1.5674231936E-06  -1.6928120436E-05   6.5439142475E-03  -2.6320441758E-04  -5.8821931305E-05
    4     -7.2357311584E-04  -9.4436868571E-04  -2.4728744549E-04  -2.8013531330E-04   3.5927376170E-03
    5     -6.9764237337E-04   6.8937768318E-05  -9.1578121367E-05   2.9048825395E-03  -3.1928515181E-03
    6     -3.3126091984E-04  -2.9042732703E-04  -7.3810435359E-04   1.5159295421E-05   7.2297026296E-05
    7     -1.0900065778E-03  -2.7532184359E-03   1.6455363766E-05  -8.2410205038E-04   9.1361998543E-04
    8     -1.4901757419E-03  -1.5383255860E-03   7.0839860122E-05   8.2460139419E-04   4.2164330297E-04
    9     -1.5930160677E-04   1.0809691609E-04   7.3432476709E-03  -4.8757906050E-04  -7.3051563304E-05
   10      8.5540177857E-03   1.3862846813E-02  -4.9820808731E-04  -3.6004524590E-03   1.4105089075E-03
   11     -1.5027503687E-02  -1.9277628472E-02  -5.3980152164E-05   1.8730613666E-03   1.4438159193E-03
   12     -1.3140162813E-03  -8.8666925322E-05   1.8753674516E-03  -1.3151831394E-03   1.7515156590E-04
   13     -1.1316070433E-01   1.1228253575E-01  -6.2819015879E-04  -1.2362448037E-02   2.6508424549E-03
   14      1.1343722209E-01  -2.6253587128E-01  -1.2212915762E-03  -2.5925276026E-02   3.9423829659E-03
   15      1.1820687637E-04  -2.5446055535E-05  -3.3300559871E-02  -7.5430034858E-03  -1.1055996534E-02
   16     -9.2430282413E-03  -1.3631742727E-03  -7.5580862865E-03  -1.2764957955E-01  -1.2044676082E-01
   17      2.6549460155E-02   3.1768541948E-03  -1.1040956578E-02  -1.1996551255E-01  -2.4898011861E-01
   18     -1.3245513001E-05  -1.7649874260E-05  -3.4161733786E-03   1.8840167271E-04   1.1276238936E-04
   19     -5.4712243206E-04  -1.8774678879E-04   2.0539823257E-04   7.6985498159E-04   1.1230289112E-05
   20      1.2961921022E-03   3.4193907993E-05   7.9276916248E-05  -6.7318599332E-04   1.2456043535E-03
   21      3.1650546059E-05   1.3907804036E-05   1.1105700529E-04   2.8136748493E-05  -6.4124956390E-05
   22      9.4121898993E-05   7.1989307793E-05  -6.8272815973E-06   3.7144023994E-04  -8.1018488063E-04
   23      1.3956681409E-04  -3.4026991321E-05   8.6554252791E-06   6.6424926213E-04  -8.8575964221E-04
   24      1.7424340506E-03   1.5644508773E-04  -3.8418812067E-03   2.6461342165E-04   9.3671756246E-05
   25      1.1754771234E-01  -1.2218217531E-01   2.5050035261E-04   1.4496581358E-03  -3.0102132983E-04
   26     -1.2218217531E-01   2.7680289986E-01   1.2224441696E-04   2.7979801512E-04   6.7148196325E-04
   27      2.5050035261E-04   1.2224441696E-04   2.4132727440E-02   8.4720461895E-03   1.2023675991E-02
   28      1.4496581358E-03   2.7979801512E-04   8.4720461895E-03   1.3311130647E-01   1.2885249402E-01
   29     -3.0102132983E-04   6.7148196325E-04   1.2023675991E-02   1.2885249402E-01   2.6273346190E-01
   30      2.6793799088E-04   1.8270914002E-04   1.5365403744E-04  -1.0579809403E-04  -1.5691889662E-05
   31      2.0222103061E-03   1.2976612324E-03  -7.6552173713E-05  -1.2032082633E-03  -2.8104461840E-04
   32      7.8923693660E-04   1.9068558207E-03  -8.4150161264E-05  -1.6874492366E-03   5.6612133643E-05
   33      3.8881546887E-05   2.4968837126E-05  -1.6536270181E-04  -9.1928889137E-06   1.1952924834E-05
   34      1.5909056351E-04   1.4778110790E-04  -8.5337684491E-06  -3.9273986895E-04   1.1438490482E-04
   35      7.7732024662E-05   1.4309546575E-04   1.0830240009E-05   9.4927134717E-05   1.1521708821E-04
   36     -4.3240226323E-05  -3.8001568491E-05  -7.0373400166E-04   3.4161971978E-05   2.1552920585E-06
   37     -1.5217365163E-04  -1.7914086306E-04   3.1097003470E-05   8.6202021828E-05  -2.4710721510E-04
   38     -1.5753575424E-03  -1.3067423523E-03   1.8370021966E-06  -1.9559163295E-04  -1.3825509302E-04
                   30                 31                 32                 33                 34        
    0     -1.3054960203E-03  -2.2593782327E-04   1.3471190780E-04  -1.2506642791E-04   3.6257466579E-05
    1     -2.7660707785E-04  -6.8065414832E-03  -3.6728258640E-04   4.5432686771E-05   4.5724294065E-04
    2      2.1296822373E-04   1.2187295719E-03   5.0922554203E-03   1.2555790702E-05   3.7415492251E-04
    3      5.8544702996E-03  -8.2675891358E-05  -5.2791651042E-04  -6.0100852754E-04  -1.8315361118E-05
    4     -2.4050968810E-04   2.9935118537E-03  -4.2460249668E-03  -7.8964224289E-06  -4.9145340740E-04
    5     -1.7351158196E-04   2.9864702954E-03  -7.4760644607E-03  -6.5674825714E-05  -9.9564795054E-04
    6      7.9404779786E-03  -2.3514104529E-03   1.4845996045E-03   6.1413701850E-04  -1.0891314026E-04
    7     -1.7237086251E-03  -4.4885785856E-02   3.6444351342E-02   1.7071624473E-04  -1.2860054120E-04
    8      1.8306207944E-04   9.5870455170E-03  -3.9109800725E-03  -8.5377846742E-05  -2.4035797045E-03
    9     -3.9991082007E-02  -1.0774245214E-02  -1.6441674031E-03  -2.9000243278E-03  -2.3836068024E-03
   10     -1.1769263228E-02  -2.7907302685E-01  -4.5927285166E-03  -1.5854242637E-03  -3.0683090193E-02
   11      5.1639876759E-04   4.0325719450E-02  -1.0277476096E-01  -1.9854580696E-03  -4.2701098056E-02
   12      5.9537432813E-03  -2.8064131668E-03  -2.2401356000E-03   1.9861322698E-03  -2.9757989831E-04
   13     -3.6668562140E-03  -4.5876709396E-02  -4.6539852385E-02  -2.8324831230E-04  -5.5498477414E-03
   14     -5.5502128432E-04  -1.1758477290E-02   6.8115072220E-03   1.5184297494E-04   3.0629879831E-03
   15      4.5777846045E-03  -2.1809703456E-05  -1.1914020071E-04   1.7807526741E-03  -1.2094835378E-04
   16      1.3884734704E-04   5.4025410849E-03   4.0610597907E-03  -1.0080556860E-04   1.4311205159E-04
   17     -4.3838081320E-04  -2.5138965461E-03  -8.6758980206E-03  -1.2085812640E-04  -1.6862603460E-03
   18     -5.6126089175E-04   2.0647621021E-05   2.3937302790E-05  -6.9796113981E-05   8.1587648693E-06
   19      1.6239045827E-05  -2.4174333186E-04   4.7780261398E-06   4.1610028001E-06   5.1537371882E-05
   20      2.7576486067E-05   8.7623335689E-05   4.0758914106E-04   4.6181593656E-06   1.0909618872E-04
   21      8.0606886168E-05  -7.7950577142E-05   7.0110559649E-05   4.1863530884E-05   1.2296068573E-05
   22     -3.9437000868E-05  -1.4149238767E-03   1.3797238258E-03   2.0915471801E-05   2.8459422039E-04
   23     -4.4266837030E-06  -1.5163553870E-04   2.0341769634E-04   2.7107186629E-06   2.6609805846E-05
   24     -3.0880561262E-03   2.8110021253E-04   1.5963545024E-04  -5.9542487978E-04   4.1040842718E-05
   25      2.6793799088E-04   2.0222103061E-03   7.8923693660E-04   3.8881546887E-05   1.5909056351E-04
   26      1.8270914002E-04   1.2976612324E-03   1.9068558207E-03   2.4968837126E-05   1.4778110790E-04
   27      1.5365403744E-04  -7.6552173713E-05  -8.4150161264E-05  -1.6536270181E-04  -8.5337684491E-06
   28     -1.0579809403E-04  -1.2032082633E-03  -1.6874492366E-03  -9.1928889137E-06  -3.9273986895E-04
   29     -1.5691889662E-05  -2.8104461840E-04   5.6612133643E-05   1.1952924834E-05   1.1438490482E-04
   30      2.8234277442E-02   2.3289180256E-02   1.6799572484E-02  -6.2403888457E-03  -6.4260626176E-03
   31      2.3289180256E-02   4.5383786659E-01   1.1671742508E-01  -7.4830822143E-03  -9.0168346865E-02
   32      1.6799572484E-02   1.1671742508E-01   5.0226553113E-01  -1.4419494871E-02  -1.1159023904E-01
   33     -6.2403888457E-03  -7.4830822143E-03  -1.4419494871E-02   7.5749336127E-03   9.0956122528E-03
   34     -6.4260626176E-03  -9.0168346865E-02  -1.1159023904E-01   9.0956122528E-03   1.2640245124E-01
   35     -1.6563729411E-02  -1.5442727350E-01  -3.9009639017E-01   1.6587822575E-02   1.5417766478E-01
   36     -1.6087306385E-03   2.9481317384E-04   3.9025566178E-04  -1.3007472815E-03   1.6147592214E-04
   37      5.5037385950E-04   5.4141560871E-03   9.6354817068E-03   1.0304908875E-04  -8.3949770723E-05
   38     -1.9934374026E-04  -3.0968269712E-03  -3.8096748805E-03  -9.2649971940E-05   1.4071886215E-03
                   35                 36                 37                 38        
     0      3.0363131685E-05   4.4668029216E-03  -2.6839322689E-04  -5.5143593928E-05
     1      7.0915873107E-04  -4.0594562624E-04  -3.5005430142E-03  -7.0833865389E-04
     2     -2.6176372891E-04   2.1527285499E-04   4.9260821997E-03   3.3835682769E-03
     3     -3.8510856143E-05   2.5415058289E-03  -2.0067223970E-03  -1.0230853123E-03
     4     -5.5387635431E-04  -1.4116062385E-03  -2.0165581335E-02  -1.2589330115E-02
     5     -1.2397736036E-03  -2.1817252163E-03  -3.6543083316E-02  -1.3062887165E-02
     6      3.9796910366E-04  -2.0184460394E-02  -3.4032496618E-03  -4.3343507627E-03
     7      7.6811509562E-03  -3.2642111915E-03  -6.5825041035E-02  -4.5367481768E-02
     8      1.3583491680E-03  -4.4768311786E-03  -4.8881402301E-02  -1.1220680171E-01
     9     -2.8407311387E-04   4.4989626983E-03  -6.1942034565E-04  -2.1975594777E-03
    10     -7.8869210321E-03  -1.1298157835E-03  -7.4217027936E-03  -2.4039627577E-02
    11      1.3033295509E-03  -1.1411821766E-03  -3.3565097580E-03  -3.8368982588E-02
    12      1.5771120092E-04   3.5836379998E-03  -2.3810297257E-05   2.8283023929E-04
    13      3.2486707386E-03   1.3159052263E-04   2.1982655068E-03   8.3181805198E-03
    14      2.0582998398E-03  -4.4461882021E-05   1.6765897976E-03  -1.7049061914E-03
    15     -7.0599562295E-05  -6.0434347618E-04  -6.3279984836E-05  -1.0296501355E-04
    16     -6.5550786867E-04  -7.1140497819E-05  -1.1646868682E-03  -1.9051197575E-03
    17      1.5795536738E-04  -8.1130850233E-05  -1.5230145132E-03  -1.0024985883E-03
    18     -2.6735537693E-06   4.6760466487E-04  -9.4839579827E-05  -4.4943100944E-05
    19     -4.0209634651E-05  -6.5499041364E-05  -7.3089208207E-04  -3.2613816415E-04
    20     -7.8274760663E-05  -1.1008340134E-04  -1.6232187572E-03  -8.5749317741E-04
    21      1.9106270019E-05  -2.7510493772E-03   2.1140688981E-04   1.3138765024E-04
    22      3.6210212924E-04   2.2510541832E-04   1.6669366159E-03   1.0146264037E-03
    23      1.0750113772E-04   7.7270197043E-05  -1.9243595535E-04   1.3498911298E-03
    24      2.0860185844E-05  -4.6924953904E-05  -9.9912834891E-06  -1.0649105907E-04
    25      7.7732024662E-05  -4.3240226323E-05  -1.5217365163E-04  -1.5753575424E-03
    26      1.4309546575E-04  -3.8001568491E-05  -1.7914086306E-04  -1.3067423523E-03
    27      1.0830240009E-05  -7.0373400166E-04   3.1097003470E-05   1.8370021966E-06
    28      9.4927134717E-05   3.4161971978E-05   8.6202021828E-05  -1.9559163295E-04
    29      1.1521708821E-04   2.1552920585E-06  -2.4710721510E-04  -1.3825509302E-04
    30     -1.6563729411E-02  -1.6087306385E-03   5.5037385950E-04  -1.9934374026E-04
    31     -1.5442727350E-01   2.9481317384E-04   5.4141560871E-03  -3.0968269712E-03
    32     -3.9009639017E-01   3.9025566178E-04   9.6354817068E-03  -3.8096748805E-03
    33      1.6587822575E-02  -1.3007472815E-03   1.0304908875E-04  -9.2649971940E-05
    34      1.5417766478E-01   1.6147592214E-04  -8.3949770723E-05   1.4071886215E-03
    35      3.8436116907E-01  -2.9203447878E-04  -2.8306613174E-03   2.0712855704E-03
    36     -2.9203447878E-04   1.1641476010E-02   5.5690457658E-03   7.7104869436E-03
    37     -2.8306613174E-03   5.5690457658E-03   8.9679010319E-02   7.9101118465E-02
    38      2.0712855704E-03   7.7104869436E-03   7.9101118465E-02   1.6565349677E-01

$vibrational_frequencies
39
    0        0.0000000000000000
    1        0.0000000000000000
    2        0.0000000000000000
    3        0.0000000000000000
    4        0.0000000000000000
    5        0.0000000000000000
    6      153.3957353142612021
    7      243.5147377819124017
    8      255.9972291720353894
    9      365.8979819829863800
   10      428.0834764313778464
   11      436.8479555412498030
   12      485.2676048759481660
   13      536.2860524168675056
   14      545.7839538592999133
   15      665.2874883311571921
   16      696.5513044714844000
   17      728.3112441090839866
   18      820.3315961649904011
   19      827.1433698355164097
   20      903.8736820766446272
   21      929.9100524568782475
   22     1016.1679830099928949
   23     1031.0353169394286397
   24     1104.1869445954978346
   25     1131.7083472883084596
   26     1175.0835488247582816
   27     1233.6403869918435703
   28     1299.6008891984906768
   29     1356.8407465653906456
   30     1444.7033781033135256
   31     1458.4817050658455173
   32     1576.5648817339592824
   33     1583.1719170593344188
   34     3109.9462220213868022
   35     3119.8747834268338011
   36     3126.1964922164711425
   37     3135.3584534604929104
   38     3563.5773790550783815

$normal_modes
39 39
                    0                  1                  2                  3                  4        
    0      0.0000000000E+00   0.0000000000E+00   0.0000000000E+00   0.0000000000E+00   0.0000000000E+00
    1      0.0000000000E+00   0.0000000000E+00   0.0000000000E+00   0.0000000000E+00   0.0000000000E+00
    2      0.0000000000E+00   0.0000000000E+00   0.0000000000E+00   0.0000000000E+00   0.0000000000E+00
    3      0.0000000000E+00   0.0000000000E+00   0.0000000000E+00   0.0000000000E+00   0.0000000000E+00
    4      0.0000000000E+00   0.0000000000E+00   0.0000000000E+00   0.0000000000E+00   0.0000000000E+00
    5      0.0000000000E+00   0.0000000000E+00   0.0000000000E+00   0.0000000000E+00   0.0000000000E+00
    6      0.0000000000E+00   0.0000000000E+00   0.0000000000E+00   0.0000000000E+00   0.0000000000E+00
    7      0.0000000000E+00   0.0000000000E+00   0.0000000000E+00   0.0000000000E+00   0.0000000000E+00
    8      0.0000000000E+00   0.0000000000E+00   0.0000000000E+00   0.0000000000E+00   0.0000000000E+00
    9      0.0000000000E+00   0.0000000000E+00   0.0000000000E+00   0.0000000000E+00   0.0000000000E+00
   10      0.0000000000E+00   0.0000000000E+00   0.0000000000E+00   0.0000000000E+00   0.0000000000E+00
   11      0.0000000000E+00   0.0000000000E+00   0.0000000000E+00   0.0000000000E+00   0.0000000000E+00
   12      0.0000000000E+00   0.0000000000E+00   0.0000000000E+00   0.0000000000E+00   0.0000000000E+00
   13      0.0000000000E+00   0.0000000000E+00   0.0000000000E+00   0.0000000000E+00   0.0000000000E+00
   14      0.0000000000E+00   0.0000000000E+00   0.0000000000E+00   0.0000000000E+00   0.0000000000E+00
   15      0.0000000000E+00   0.0000000000E+00   0.0000000000E+00   0.0000000000E+00   0.0000000000E+00
   16      0.0000000000E+00   0.0000000000E+00   0.0000000000E+00   0.0000000000E+00   0.0000000000E+00
   17      0.0000000000E+00   0.0000000000E+00   0.0000000000E+00   0.0000000000E+00   0.0000000000E+00
   18      0.0000000000E+00   0.0000000000E+00   0.0000000000E+00   0.0000000000E+00   0.0000000000E+00
   19      0.0000000000E+00   0.0000000000E+00   0.0000000000E+00   0.0000000000E+00   0.0000000000E+00
   20      0.0000000000E+00   0.0000000000E+00   0.0000000000E+00   0.0000000000E+00   0.0000000000E+00
   21      0.0000000000E+00   0.0000000000E+00   0.0000000000E+00   0.0000000000E+00   0.0000000000E+00
   22      0.0000000000E+00   0.0000000000E+00   0.0000000000E+00   0.0000000000E+00   0.0000000000E+00
   23      0.0000000000E+00   0.0000000000E+00   0.0000000000E+00   0.0000000000E+00   0.0000000000E+00
   24      0.0000000000E+00   0.0000000000E+00   0.0000000000E+00   0.0000000000E+00   0.0000000000E+00
   25      0.0000000000E+00   0.0000000000E+00   0.0000000000E+00   0.0000000000E+00   0.0000000000E+00
   26      0.0000000000E+00   0.0000000000E+00   0.0000000000E+00   0.0000000000E+00   0.0000000000E+00
   27      0.0000000000E+00   0.0000000000E+00   0.0000000000E+00   0.0000000000E+00   0.0000000000E+00
   28      0.0000000000E+00   0.0000000000E+00   0.0000000000E+00   0.0000000000E+00   0.0000000000E+00
   29      0.0000000000E+00   0.0000000000E+00   0.0000000000E+00   0.0000000000E+00   0.0000000000E+00
   30      0.0000000000E+00   0.0000000000E+00   0.0000000000E+00   0.0000000000E+00   0.0000000000E+00
   31      0.0000000000E+00   0.0000000000E+00   0.0000000000E+00   0.0000000000E+00   0.0000000000E+00
   32      0.0000000000E+00   0.0000000000E+00   0.0000000000E+00   0.0000000000E+00   0.0000000000E+00
   33      0.0000000000E+00   0.0000000000E+00   0.0000000000E+00   0.0000000000E+00   0.0000000000E+00
   34      0.0000000000E+00   0.0000000000E+00   0.0000000000E+00   0.0000000000E+00   0.0000000000E+00
   35      0.0000000000E+00   0.0000000000E+00   0.0000000000E+00   0.0000000000E+00   0.0000000000E+00
   36      0.0000000000E+00   0.0000000000E+00   0.0000000000E+00   0.0000000000E+00   0.0000000000E+00
   37      0.0000000000E+00   0.0000000000E+00   0.0000000000E+00   0.0000000000E+00   0.0000000000E+00
   38      0.0000000000E+00   0.0000000000E+00   0.0000000000E+00   0.0000000000E+00   0.0000000000E+00
                    5                  6                  7                  8                  9        
    0      0.0000000000E+00   1.1731809500E-01  -1.0296477225E-02   2.4037497425E-01  -7.1527196014E-03
    1      0.0000000000E+00  -5.1502677976E-03  -6.7983784620E-02  -1.2893200454E-02  -2.9733926105E-03
    2      0.0000000000E+00  -2.4123499652E-03  -9.1597918913E-02  -7.3145078408E-03  -2.6367049870E-01
    3      0.0000000000E+00   2.6775011278E-01  -5.4786966703E-04  -1.5727787186E-01  -9.3778912615E-03
    4      0.0000000000E+00  -1.1784463598E-02  -1.9042137755E-01   4.4730514020E-03  -1.2279640146E-01
    5      0.0000000000E+00  -6.6068583073E-03   6.3931232990E-03   3.9129669899E-03  -1.3046842771E-01
    6      0.0000000000E+00   1.3117192000E-01   3.4693860450E-03  -3.2527107922E-01  -5.5896346673E-04
    7      0.0000000000E+00  -4.9607770044E-03  -1.9095534775E-01   1.2576061527E-02  -6.5531266025E-02
    8      0.0000000000E+00  -3.0746786875E-03   4.6358128082E-02   8.3857192665E-03   1.7755396334E-01
    9      0.0000000000E+00   6.6066842816E-02   4.9299575045E-03  -2.1918236884E-01  -6.3211349323E-03
   10      0.0000000000E+00  -2.5134089821E-03  -1.0260099354E-01   8.8906903632E-03  -1.6761027385E-01
   11      0.0000000000E+00  -2.0875387606E-03   1.1583321725E-01   7.0246343611E-03   9.9245204189E-02
   12      0.0000000000E+00  -2.2037437697E-01   5.5654578936E-03  -2.3957691802E-01   8.4404988965E-04
   13      0.0000000000E+00   1.0525889949E-02   4.3276292875E-02   1.2382024880E-02  -2.4453052827E-02
   14      0.0000000000E+00   5.2024915306E-03   3.8310774197E-02   6.1463052799E-03  -1.2343936388E-03
   15      0.0000000000E+00  -2.2666045111E-01  -7.2151349780E-03   1.4009684494E-01  -5.2068472519E-03
