
$orca_hessian_file

$act_atom
  0

$act_coord
  0

$act_energy
        0.000000

$multiplicity
  1

$hessian
39
                    0                  1                  2                  3                  4        
    0      1.0721245267E-01   2.8650511026E-02   1.2363736078E-02  -4.9808208476E-02  -7.5534560296E-03
    1      2.8650511026E-02   7.0271018225E-01  -2.8402419731E-03  -8.8874329218E-03  -1.7166659760E-01
    2      1.2363736078E-02  -2.8402419731E-03   6.3032118777E-01  -8.3396966351E-03  -6.7673232573E-02
    3     -4.9808208476E-02  -8.8874329218E-03  -8.3396966351E-03   1.1498609036E-01   2.4805406188E-02
    4     -7.5534560296E-03  -1.7166659760E-01  -6.7673232573E-02   2.4805406188E-02   6.4270171956E-01
    5     -1.1068557886E-02  -1.2406634581E-01  -2.6584986045E-01   1.2536975370E-02  -2.7034666763E-02
    6      4.3899213586E-03  -2.3982658609E-03  -2.7234477376E-03  -5.1766941874E-02  -1.2918736438E-02
    7     -3.4971733673E-03  -3.4363693734E-02  -6.8047031724E-02  -1.1661664277E-02  -3.2021266698E-01
    8     -4.9848894244E-04  -2.1862698985E-02   2.7472052315E-02  -1.2497019234E-03  -8.3263808533E-04
    9     -1.1070499074E-03   2.5975849114E-04  -1.4745990306E-03   2.0692895838E-03   5.0757083672E-04
   10      2.5661028111E-04   5.0090731648E-03  -1.3254898932E-03  -4.4808432995E-04  -2.0912225388E-02
   11     -1.4823763098E-03  -1.5337202039E-03  -6.0153940153E-02   3.8594985061E-03   6.7220545271E-02
   12      4.2111816570E-03  -7.8671098673E-04   3.5063918078E-03  -1.7838929595E-03  -2.2381279450E-03
   13      5.8720008370E-05  -2.6751264957E-02   6.4512115238E-02  -2.3344937607E-03  -3.9035972732E-02
   14      1.8084524735E-03   2.9235288079E-02   2.0948985427E-02  -1.1236374570E-03  -1.8467243417E-02
   15     -4.9957727258E-02  -2.5757363909E-03  -2.5191414370E-03   4.1882665161E-03   1.5885487467E-03
   16     -3.8377253894E-03  -1.5993245051E-01   6.0371115246E-02   2.5180464416E-03   4.9314188481E-02
   17      3.5277027109E-06   1.1288376872E-01  -2.7490263430E-01  -2.6024519882E-03  -2.4046293185E-02
   18     -2.7082398569E-02  -1.3976671135E-02  -1.0245518819E-04  -4.0993413758E-04  -1.2256083997E-03
   19     -1.3973800930E-02  -3.2319276715E-01   1.1451436647E-02  -5.2622226914E-04  -1.2524228800E-02
   20     -9.2140696837E-05   1.1609917514E-02  -5.3545012620E-02  -1.1968973936E-03  -2.6707464137E-02
   21      1.6189730589E-03   7.6051608737E-04  -1.1572461776E-03  -3.0737583629E-02  -1.0557193946E-03
   22      1.0330555239E-04   1.1063997662E-02  -1.4745336524E-02  -1.1229601356E-03  -1.0854383945E-01
   23      1.8455782265E-04   1.3095927748E-02  -1.7011667144E-02  -2.6751941944E-04   1.1228608416E-01
   24      6.7013811726E-03  -5.7787750028E-04  -1.6546539135E-04  -9.8631742706E-04  -1.3857485721E-05
   25     -5.9581406991E-04  -5.1068098024E-03  -1.0655926060E-03  -5.6597600005E-06  -6.9344327847E-04
   26     -1.3075679633E-04  -3.3094613922E-04   1.9824443756E-03  -2.2226010233E-05  -1.0321378519E-03
   27      8.9976060701E-04   7.5616329824E-05   1.7035513742E-04   6.6523793590E-03  -2.4501054588E-04
   28      7.7546445721E-04   1.0593453721E-02   1.2753418760E-02  -2.6228351754E-04  -2.6306686151E-04
   29     -1.2180867162E-03  -1.6066830535E-02  -1.7730449183E-02  -6.7268004935E-05   3.6847317131E-03
   30     -1.3735897527E-03  -2.0275611621E-04   2.1384120147E-04   5.9831302334E-03  -2.6127335176E-04
   31     -1.6655747568E-04  -5.4076728239E-03   1.1581895511E-03  -9.7399222075E-05   2.7067675839E-03
   32      1.3622427639E-04  -4.3464518498E-04   5.3058766667E-03  -5.2619703063E-04  -4.3514708068E-03
   33     -9.9592651579E-05   3.2860358288E-05   1.7201774934E-05  -7.3160562123E-04  -7.7117908455E-06
   34      2.5824707891E-05   1.8540798354E-04   4.8811146733E-04  -1.4259544838E-05  -5.3605011304E-04
   35      3.4935072350E-05   8.4037718497E-04  -3.9440776133E-04  -5.6327403968E-05  -7.2861454455E-04
   36      4.3948960913E-03  -3.7569266408E-04   2.1446271004E-04   2.3453280713E-03  -1.3840530717E-03
   37     -2.4402748803E-04  -3.1408582136E-03   4.9565795387E-03  -1.9609642091E-03  -2.0334584422E-02
   38     -4.4963190804E-05  -5.2389156824E-04   3.5574250514E-03  -9.4417426421E-04  -1.2320910292E-02
                    5                  6                  7                  8                  9        
    0     -1.1068557886E-02   4.3899213586E-03  -3.4971733673E-03  -4.9848894244E-04  -1.1070499074E-03
    1     -1.2406634581E-01  -2.3982658609E-03  -3.4363693734E-02  -2.1862698985E-02   2.5975849114E-04
    2     -2.6584986045E-01  -2.7234477376E-03  -6.8047031724E-02   2.7472052315E-02  -1.4745990306E-03
    3      1.2536975370E-02  -5.1766941874E-02  -1.1661664277E-02  -1.2497019234E-03   2.0692895838E-03
    4     -2.7034666763E-02  -1.2918736438E-02  -3.2021266698E-01  -8.3263808533E-04   5.0757083672E-04
    5      6.9660664472E-01   1.2989048629E-03   5.2105064177E-02  -1.0193796821E-01   1.9412475582E-03
    6      1.2989048629E-03   1.0251140436E-01   2.2722423897E-02   6.0759979755E-03  -6.0299810563E-02
    7      5.2105064177E-02   2.2722423897E-02   6.0751700971E-01  -6.6639219494E-02  -2.5447058514E-03
    8     -1.0193796821E-01   6.0759979755E-03  -6.6639219494E-02   4.9761064697E-01   1.2251876961E-03
    9      1.9412475582E-03  -6.0299810563E-02  -2.5447058514E-03   1.2251876961E-03   1.4221098866E-01
   10      2.7270342822E-02  -9.8226454258E-04  -1.3635908230E-01   1.1353429224E-01   2.6112398642E-02
   11      2.8331749539E-02  -1.9273748882E-03   4.7874351558E-02  -2.3887822139E-01   1.3396130710E-02
   12     -1.3152820639E-03   5.9764159673E-03   2.3256749605E-03  -2.5599116785E-03  -5.9929936809E-02
   13     -2.2390480222E-02   1.3439391359E-03   4.7549776781E-02  -2.7258676961E-02  -5.6920830259E-03
   14     -1.1482340051E-02  -5.9709866636E-04   1.3570944720E-02  -4.6276753164E-02  -1.0160119581E-02
   15     -7.4707500539E-04  -2.6857385375E-03  -1.0246882403E-03   7.9107173004E-04  -1.1294960728E-03
   16      1.4501410285E-02  -1.1317687257E-03  -3.8050542343E-02   2.3758391445E-02  -3.0003640596E-03
   17     -5.6167868799E-02   1.0102155273E-03   2.8344115586E-02  -1.7177403934E-02  -4.1076804703E-04
   18      2.0925709293E-04   6.6879120342E-03  -3.0696122648E-04  -3.4048576217E-04  -1.1510863104E-03
   19      2.5665968029E-03  -3.2918591923E-04   1.0313680919E-03  -2.3885421276E-03   7.6276315489E-05
   20      3.2833529535E-03  -2.9255569504E-04  -1.3489615916E-03  -2.8227662274E-03  -2.3677094237E-05
   21     -3.9134544455E-04   2.5639700786E-03  -7.1936601220E-04   1.2414019117E-03   5.3908147610E-03
   22      1.0964573372E-01  -1.4548433222E-05  -1.1188147117E-02   2.7116783894E-02  -5.1485476114E-04
   23     -2.6822029740E-01  -1.7671723604E-04  -2.3179685285E-03  -1.0672355036E-04  -1.1372905767E-04
   24     -1.2768510502E-05   4.9329136756E-03  -3.6247625920E-04  -2.3665676870E-04   4.5808366713E-03
   25     -8.1399578095E-04  -3.3102038525E-04  -1.1599894832E-03  -1.5309686540E-03  -1.1960621604E-04
   26      1.2618797246E-04  -3.0351153853E-04  -2.9557351171E-03  -1.7498465258E-03   1.3787980623E-04
   27     -1.0050648153E-04  -7.5150247454E-04   1.9393200350E-05   6.6343261463E-05   7.4447774170E-03
   28      2.9908419558E-03   1.2211470531E-05  -9.1405726501E-04   8.3083713983E-04  -5.1618300164E-04
   29     -3.4197613710E-03   7.7566697342E-05   1.0793671305E-03   3.1174606453E-04  -8.5583106176E-05
   30     -1.8747063558E-04   7.4988713608E-03  -1.6997252602E-03   8.8760672529E-05  -4.0173918872E-02
   31      2.5988207041E-03  -2.3606443936E-03  -4.5324292045E-02   8.0044521724E-03  -1.1409446561E-02
   32     -7.3184311805E-03   1.4250898164E-03   3.5711229509E-02  -4.8121540631E-03  -1.7777806718E-03
   33     -7.0743781323E-05   9.3601661925E-04   1.1048004641E-04  -7.2831622821E-05  -2.3059099001E-03
   34     -1.0090173989E-03  -1.6041986888E-04  -1.2469801476E-03  -2.3332653666E-03  -2.3838768913E-03
   35     -1.6426600001E-03   4.8228588888E-04   9.0995088958E-03   2.6483539551E-03  -5.2771683799E-04
   36     -2.0930114216E-03  -1.9993432002E-02  -3.3361963143E-03  -4.5026222304E-03   4.4005013378E-03
   37     -3.6360993981E-02  -3.4767352316E-03  -6.7278703162E-02  -5.0422149930E-02  -7.9275717833E-04
   38     -1.2308747722E-02  -4.3774193254E-03  -4.6452262413E-02  -1.1428096223E-01  -2.1248829134E-03
                   10                 11                 12                 13                 14        
    0      2.5661028111E-04  -1.4823763098E-03   4.2111816570E-03   5.8720008370E-05   1.8084524735E-03
    1      5.0090731648E-03  -1.5337202039E-03  -7.8671098673E-04  -2.6751264957E-02   2.9235288079E-02
    2     -1.3254898932E-03  -6.0153940153E-02   3.5063918078E-03   6.4512115238E-02   2.0948985427E-02
    3     -4.4808432995E-04   3.8594985061E-03  -1.7838929595E-03  -2.3344937607E-03  -1.1236374570E-03
    4     -2.0912225388E-02   6.7220545271E-02  -2.2381279450E-03  -3.9035972732E-02  -1.8467243417E-02
    5      2.7270342822E-02   2.8331749539E-02  -1.3152820639E-03  -2.2390480222E-02  -1.1482340051E-02
    6     -9.8226454258E-04  -1.9273748882E-03   5.9764159673E-03   1.3439391359E-03  -5.9709866636E-04
    7     -1.3635908230E-01   4.7874351558E-02   2.3256749605E-03   4.7549776781E-02   1.3570944720E-02
    8      1.1353429224E-01  -2.3887822139E-01  -2.5599116785E-03  -2.7258676961E-02  -4.6276753164E-02
    9      2.6112398642E-02   1.3396130710E-02  -5.9929936809E-02  -5.6920830259E-03  -1.0160119581E-02
   10      6.6858739742E-01   2.2154624155E-02  -7.2291672911E-03  -1.5349631398E-01  -1.1080492385E-01
   11      2.2154624155E-02   6.5852601394E-01  -7.0918220360E-03  -4.6880442345E-02  -2.6336513196E-01
   12     -7.2291672911E-03  -7.0918220360E-03   1.1187940210E-01   2.6766627440E-02   1.1849236977E-02
   13     -1.5349631398E-01  -4.6880442345E-02   2.6766627440E-02   6.8221899815E-01  -3.2716980549E-02
   14     -1.1080492385E-01  -2.6336513196E-01   1.1849236977E-02  -3.2716980549E-02   6.7121588119E-01
   15     -2.0558931860E-03  -2.3267636845E-03  -4.8382635821E-02  -1.4295529167E-02   8.0240689418E-05
   16     -3.0293598782E-02  -6.6284528191E-02  -1.3073082384E-02  -3.3697483793E-01   3.5428654648E-02
   17     -2.6541477350E-02   3.5239276471E-02  -2.3956402881E-03  -1.5906768431E-02  -1.1556738294E-01
   18      7.0045081557E-05  -1.2425893539E-05   6.6945024372E-03  -2.3204359307E-04  -1.2333542477E-04
   19      4.5470836407E-04  -2.2003995608E-05  -2.0809866775E-04   9.0053382005E-04   2.9086882120E-03
   20     -3.0850666670E-04  -1.5149199800E-03  -1.7245887284E-04   1.9293009007E-03  -4.3087509821E-03
   21     -4.7564368137E-04  -1.9431166415E-04  -1.1291477626E-03   4.7339515862E-07   8.4477174955E-06
   22     -4.3602466296E-03  -1.9135537865E-03   3.2476191560E-06  -7.6075812073E-04  -6.0235003385E-04
   23     -3.2234309720E-04   1.2759197228E-03  -4.1114306367E-06  -8.2688505142E-04   3.8278875965E-04
   24      6.1163210236E-04  -1.3033990877E-03  -2.9989415703E-02  -1.3499761256E-03  -1.3174382389E-04
   25      9.5915027759E-03  -1.4983450117E-02  -1.3070543774E-03  -1.1425058676E-01   1.1391959808E-01
   26      1.5149026861E-02  -1.9987290041E-02  -1.9768287816E-04   1.1237237208E-01  -2.6240531839E-01
   27     -5.3124937500E-04  -5.0679577869E-05   1.0130355612E-03  -5.8648661054E-04  -1.2061659100E-03
   28     -4.1650279823E-03   1.8309946910E-03  -1.2765171601E-03  -1.2298754557E-02  -2.6376058616E-02
   29      1.1637728095E-03   1.6105796896E-03   1.7988585017E-04   2.3964542475E-03   3.7270199825E-03
   30     -1.2506829323E-02   4.4883899804E-04   5.8626273433E-03  -3.4856122691E-03  -5.2120731074E-04
   31     -2.9507846052E-01   4.0919540841E-02  -2.6322487311E-03  -4.3106676438E-02  -1.1012915910E-02
   32     -5.3302957173E-03  -1.0170828921E-01  -2.2347537637E-03  -4.6589231102E-02   6.3858407769E-03
   33     -1.5456306129E-03  -2.1200641651E-03   1.9822240564E-03  -3.2736065046E-04   1.5317099318E-04
   34     -2.8750007973E-02  -4.4783064511E-02  -3.4335940845E-04  -6.5679110816E-03   3.0017431127E-03
   35     -1.1697081242E-02  -7.7238566968E-04   1.8176300647E-04   3.6313858185E-03   2.3600478751E-03
   36     -1.2580505037E-03  -1.1968403372E-03   3.5956399346E-03   1.3479614733E-04  -3.1434334486E-05
   37     -1.0227718173E-02  -3.5759649471E-03  -2.1539926244E-06   2.5737677978E-03   1.9156694882E-03
   38     -2.2965269496E-02  -3.8603360961E-02   2.4957902806E-04   7.7277224047E-03  -1.6148865295E-03
                   15                 16                 17                 18                 19        
    0     -4.9957727258E-02  -3.8377253894E-03   3.5277027109E-06  -2.7082398569E-02  -1.3973800930E-02
    1     -2.5757363909E-03  -1.5993245051E-01   1.1288376872E-01  -1.3976671135E-02  -3.2319276715E-01
    2     -2.5191414370E-03   6.0371115246E-02  -2.7490263430E-01  -1.0245518819E-04   1.1451436647E-02
    3      4.1882665161E-03   2.5180464416E-03  -2.6024519882E-03  -4.0993413758E-04  -5.2622226914E-04
    4      1.5885487467E-03   4.9314188481E-02  -2.4046293185E-02  -1.2256083997E-03  -1.2524228800E-02
    5     -7.4707500539E-04   1.4501410285E-02  -5.6167868799E-02   2.0925709293E-04   2.5665968029E-03
    6     -2.6857385375E-03  -1.1317687257E-03   1.0102155273E-03   6.6879120342E-03  -3.2918591923E-04
    7     -1.0246882403E-03  -3.8050542343E-02   2.8344115586E-02  -3.0696122648E-04   1.0313680919E-03
    8      7.9107173004E-04   2.3758391445E-02  -1.7177403934E-02  -3.4048576217E-04  -2.3885421276E-03
    9     -1.1294960728E-03  -3.0003640596E-03  -4.1076804703E-04  -1.1510863104E-03   7.6276315489E-05
   10     -2.0558931860E-03  -3.0293598782E-02  -2.6541477350E-02   7.0045081557E-05   4.5470836407E-04
   11     -2.3267636845E-03  -6.6284528191E-02   3.5239276471E-02  -1.2425893539E-05  -2.2003995608E-05
   12     -4.8382635821E-02  -1.3073082384E-02  -2.3956402881E-03   6.6945024372E-03  -2.0809866775E-04
   13     -1.4295529167E-02  -3.3697483793E-01  -1.5906768431E-02  -2.3204359307E-04   9.0053382005E-04
   14      8.0240689418E-05   3.5428654648E-02  -1.1556738294E-01  -1.2333542477E-04   2.9086882120E-03
   15      1.1689093372E-01   2.6894819804E-02   1.5002138670E-02  -6.1923643506E-04  -5.0862362782E-04
   16      2.6894819804E-02   6.6007989658E-01   2.7997204148E-02   1.8799614081E-04  -1.0222221731E-02
   17      1.5002138670E-02   2.7997204148E-02   6.8212586132E-01  -1.9690223079E-06  -1.9037582928E-03
   18     -6.1923643506E-04   1.8799614081E-04  -1.9690223079E-06   2.2094065504E-02   1.5162532910E-02
   19     -5.0862362782E-04  -1.0222221731E-02  -1.9037582928E-03   1.5162532910E-02   3.4315729036E-01
   20      1.3896182956E-03   2.7109316732E-02   3.0135595056E-03   2.0268342893E-04  -1.2213380909E-02
   21      6.6974373294E-03  -4.6352215729E-04  -3.7224776511E-04  -3.4646676547E-03   2.0299808256E-04
   22     -4.4810765427E-04  -1.0235204543E-03  -3.1501027463E-03   2.1549684421E-04   7.6615833380E-04
   23     -4.0542812901E-04  -3.8096671772E-03  -2.5850135113E-03   1.0170322487E-04  -9.3203123117E-05
   24      7.2036410470E-04  -4.9305931684E-04   1.3494577385E-03   4.3170122327E-04  -5.2694009464E-05
   25      1.7764023948E-04  -8.9794678309E-03   2.6816323509E-02  -1.5719570631E-05  -5.5369666228E-04
   26     -1.7275066697E-07  -1.1806520939E-03   3.0478522665E-03  -1.8776378175E-05  -1.9895492912E-04
   27     -3.1535589935E-02  -7.5697350245E-03  -1.0995280878E-02  -3.1131502233E-03   1.8972926232E-04
   28     -7.5561494730E-03  -1.2809702013E-01  -1.1958886439E-01   1.7398340463E-04   7.2952806344E-04
   29     -1.0995888401E-02  -1.1994139472E-01  -2.4780152003E-01   1.0719237393E-04   1.6791284423E-04
   30      4.6486566687E-03   1.1906661951E-04  -3.9639161226E-04  -5.3539701601E-04   3.0257558137E-05
   31     -2.1736263933E-05   5.0053455967E-03  -1.6657863352E-03   3.2674049943E-05   8.6679010445E-05
   32     -1.0070130891E-04   4.4182364988E-03  -8.5418483012E-03   2.4481339200E-05   2.2679609624E-05
   33      1.7456757507E-03  -9.4620901089E-05  -1.3619690947E-04  -5.2110603016E-05   2.2377858558E-06
   34     -1.1769555403E-04   2.7926827962E-04  -1.9613180219E-03   6.8673597865E-06   4.4028654884E-05
   35     -9.5814775976E-05  -1.0790140846E-03   1.0104364451E-05  -6.4158783646E-06  -9.1620490261E-05
   36     -5.8091002786E-04  -5.7809456905E-05  -6.3182961920E-05   5.1979975073E-04  -6.2557672169E-05
   37     -5.5090825065E-05  -1.1050392411E-03  -1.2761859055E-03  -9.5440683985E-05  -6.7738035390E-04
   38     -6.3294058528E-05  -1.2899300417E-03  -6.9298211021E-04  -3.9267525647E-05  -2.0333873059E-04
                   20                 21                 22                 23                 24        
    0     -9.2140696837E-05   1.6189730589E-03   1.0330555239E-04   1.8455782265E-04   6.7013811726E-03
    1      1.1609917514E-02   7.6051608737E-04   1.1063997662E-02   1.3095927748E-02  -5.7787750028E-04
    2     -5.3545012620E-02  -1.1572461776E-03  -1.4745336524E-02  -1.7011667144E-02  -1.6546539135E-04
    3     -1.1968973936E-03  -3.0737583629E-02  -1.1229601356E-03  -2.6751941944E-04  -9.8631742706E-04
    4     -2.6707464137E-02  -1.0557193946E-03  -1.0854383945E-01   1.1228608416E-01  -1.3857485721E-05
    5      3.2833529535E-03  -3.9134544455E-04   1.0964573372E-01  -2.6822029740E-01  -1.2768510502E-05
    6     -2.9255569504E-04   2.5639700786E-03  -1.4548433222E-05  -1.7671723604E-04   4.9329136756E-03
    7     -1.3489615916E-03  -7.1936601220E-04  -1.1188147117E-02  -2.3179685285E-03  -3.6247625920E-04
    8     -2.8227662274E-03   1.2414019117E-03   2.7116783894E-02  -1.0672355036E-04  -2.3665676870E-04
    9     -2.3677094237E-05   5.3908147610E-03  -5.1485476114E-04  -1.1372905767E-04   4.5808366713E-03
   10     -3.0850666670E-04  -4.7564368137E-04  -4.3602466296E-03  -3.2234309720E-04   6.1163210236E-04
   11     -1.5149199800E-03  -1.9431166415E-04  -1.9135537865E-03   1.2759197228E-03  -1.3033990877E-03
   12     -1.7245887284E-04  -1.1291477626E-03   3.2476191560E-06  -4.1114306367E-06  -2.9989415703E-02
   13      1.9293009007E-03   4.7339515862E-07  -7.6075812073E-04  -8.2688505142E-04  -1.3499761256E-03
   14     -4.3087509821E-03   8.4477174955E-06  -6.0235003385E-04   3.8278875965E-04  -1.3174382389E-04
   15      1.3896182956E-03   6.6974373294E-03  -4.4810765427E-04  -4.0542812901E-04   7.2036410470E-04
   16      2.7109316732E-02  -4.6352215729E-04  -1.0235204543E-03  -3.8096671772E-03  -4.9305931684E-04
   17      3.0135595056E-03  -3.7224776511E-04  -3.1501027463E-03  -2.5850135113E-03   1.3494577385E-03
   18      2.0268342893E-04  -3.4646676547E-03   2.1549684421E-04   1.0170322487E-04   4.3170122327E-04
   19     -1.2213380909E-02   2.0299808256E-04   7.6615833380E-04  -9.3203123117E-05  -5.2694009464E-05
   20      5.4309033866E-02   1.2940216044E-04   4.6288139807E-04   1.0012413903E-03   5.4224970449E-05
   21      1.2940216044E-04   2.2052750077E-02   1.5591537431E-03   5.7429662397E-04  -5.2148001205E-04
   22      4.6288139807E-04   1.5591537431E-03   1.1324787322E-01  -1.1842037147E-01   2.8535546690E-05
   23      1.0012413903E-03   5.7429662397E-04  -1.1842037147E-01   2.8464653549E-01   1.6485047581E-05
   24      5.4224970449E-05  -5.2148001205E-04   2.8535546690E-05   1.6485047581E-05   2.1644288802E-02
   25      1.3140468001E-03   2.9852664136E-05   4.7285361178E-05   9.8716538256E-05   1.7011606581E-03
   26      4.3200893088E-05   1.3875299362E-05   4.7968814015E-05  -3.4852463689E-05   2.4766974292E-04
   27      7.5462994450E-05   1.6856316856E-04  -1.0516364028E-05   6.5646647578E-06  -3.6012567150E-03
   28     -4.8930759964E-04   2.5070841503E-05   3.6698469914E-04   6.8277367134E-04   2.3415989631E-04
   29      9.8074082926E-04  -6.5506674582E-05  -8.1976408065E-04  -9.1672303799E-04   9.0818559959E-05
   30      2.9048916630E-05   8.2484303091E-05  -4.2942414712E-05  -1.4546701003E-05  -3.2646244042E-03
   31      1.2611145739E-04  -8.0691123068E-05  -1.4225581768E-03  -3.1602836452E-04   2.5053954075E-04
   32      4.1893122421E-04   6.3474130945E-05   1.2773608394E-03   1.2910948666E-04   1.7353612364E-04
   33      2.8727805814E-06   5.8065961353E-05   2.1664161245E-05   3.3584090736E-06  -5.8647423019E-04
   34      9.4814786564E-05   7.2861401796E-06   2.0292115578E-04   2.9109254779E-05   3.7089764261E-05
   35     -1.2890419259E-04   2.9792835777E-05   5.9330374474E-04   1.5267640083E-04   2.0577997033E-05
   36     -1.0577018129E-04  -2.7801796796E-03   2.2331971958E-04   9.3275644701E-05  -6.1917157750E-05
   37     -1.5812802019E-03   2.0879799110E-04   1.6038495219E-03  -8.6942204671E-05  -1.2187787694E-05
   38     -7.2970665920E-04   1.2177758254E-04   5.0824387383E-04   1.2870058542E-03  -1.0271118597E-04
                   25                 26                 27                 28                 29        
    0     -5.9581406991E-04  -1.3075679633E-04   8.9976060701E-04   7.7546445721E-04  -1.2180867162E-03
    1     -5.1068098024E-03  -3.3094613922E-04   7.5616329824E-05   1.0593453721E-02  -1.6066830535E-02
    2     -1.0655926060E-03   1.9824443756E-03   1.7035513742E-04   1.2753418760E-02  -1.7730449183E-02
    3     -5.6597600005E-06  -2.2226010233E-05   6.6523793590E-03  -2.6228351754E-04  -6.7268004935E-05
    4     -6.9344327847E-04  -1.0321378519E-03  -2.4501054588E-04  -2.6306686151E-04   3.6847317131E-03
    5     -8.1399578095E-04   1.2618797246E-04  -1.0050648153E-04   2.9908419558E-03  -3.4197613710E-03
    6     -3.3102038525E-04  -3.0351153853E-04  -7.5150247454E-04   1.2211470531E-05   7.7566697342E-05
    7     -1.1599894832E-03  -2.9557351171E-03   1.9393200350E-05  -9.1405726501E-04   1.0793671305E-03
    8     -1.5309686540E-03  -1.7498465258E-03   6.6343261463E-05   8.3083713983E-04   3.1174606453E-04
    9     -1.1960621604E-04   1.3787980623E-04   7.4447774170E-03  -5.1618300164E-04  -8.5583106176E-05
   10      9.5915027759E-03   1.5149026861E-02  -5.3124937500E-04  -4.1650279823E-03   1.1637728095E-03
   11     -1.4983450117E-02  -1.9987290041E-02  -5.0679577869E-05   1.8309946910E-03   1.6105796896E-03
   12     -1.3070543774E-03  -1.9768287816E-04   1.0130355612E-03  -1.2765171601E-03   1.7988585017E-04
   13     -1.1425058676E-01   1.1237237208E-01  -5.8648661054E-04  -1.2298754557E-02   2.3964542475E-03
   14      1.1391959808E-01  -2.6240531839E-01  -1.2061659100E-03  -2.6376058616E-02   3.7270199825E-03
   15      1.7764023948E-04  -1.7275066697E-07  -3.1535589935E-02  -7.5561494730E-03  -1.0995888401E-02
   16     -8.9794678309E-03  -1.1806520939E-03  -7.5697350245E-03  -1.2809702013E-01  -1.1994139472E-01
   17      2.6816323509E-02   3.0478522665E-03  -1.0995280878E-02  -1.1958886439E-01  -2.4780152003E-01
   18     -1.5719570631E-05  -1.8776378175E-05  -3.1131502233E-03   1.7398340463E-04   1.0719237393E-04
   19     -5.5369666228E-04  -1.9895492912E-04   1.8972926232E-04   7.2952806344E-04   1.6791284423E-04
   20      1.3140468001E-03   4.3200893088E-05   7.5462994450E-05  -4.8930759964E-04   9.8074082926E-04
   21      2.9852664136E-05   1.3875299362E-05   1.6856316856E-04   2.5070841503E-05  -6.5506674582E-05
   22      4.7285361178E-05   4.7968814015E-05  -1.0516364028E-05   3.6698469914E-04  -8.1976408065E-04
   23      9.8716538256E-05  -3.4852463689E-05   6.5646647578E-06   6.8277367134E-04  -9.1672303799E-04
   24      1.7011606581E-03   2.4766974292E-04  -3.6012567150E-03   2.3415989631E-04   9.0818559959E-05
   25      1.1854266211E-01  -1.2294676437E-01   2.2063800756E-04   1.1038937398E-03  -2.7666413232E-04
   26     -1.2294676437E-01   2.7736548038E-01   1.1737419116E-04   2.8467492907E-04   7.0991115086E-04
   27      2.2063800756E-04   1.1737419116E-04   2.3516775844E-02   8.4620385572E-03   1.1972902976E-02
   28      1.1038937398E-03   2.8467492907E-04   8.4620385572E-03   1.3415883383E-01   1.2878639896E-01
   29     -2.7666413232E-04   7.0991115086E-04   1.1972902976E-02   1.2878639896E-01   2.6242218742E-01
   30      2.5223928945E-04   1.7172240937E-04   1.4419261844E-04  -9.0416442869E-05  -7.6052038502E-06
   31      1.5394119639E-03   8.8085695546E-04  -5.3172359851E-05  -8.9690513329E-04  -1.0583214563E-04
   32      9.3828671180E-04   2.0460960961E-03  -8.2027040009E-05  -1.6527326240E-03   3.6707936623E-05
   33      3.6249710916E-05   2.1200895710E-05  -1.4684129770E-04  -1.3097384628E-05   1.0836734331E-05
   34      1.2876971677E-04   1.1259562826E-04  -1.2167310308E-05  -4.5938520883E-04   1.0403831472E-04
   35      8.5215266823E-05   5.9423574874E-05   9.6283082217E-06   7.6140365692E-05   9.4493344558E-05
   36     -4.3895214024E-05  -3.6621404641E-05  -6.9114392968E-04   3.7050659896E-05   7.7007894133E-06
   37     -2.0953185677E-04  -2.0024482860E-04   3.5589925245E-05   1.4152307569E-04  -1.7428472015E-04
   38     -1.5568111878E-03  -1.2032892917E-03   9.0624801319E-06  -1.2702292223E-04  -2.4932788438E-05
                   30                 31                 32                 33                 34        
    0     -1.3735897527E-03  -1.6655747568E-04   1.3622427639E-04  -9.9592651579E-05   2.5824707891E-05
    1     -2.0275611621E-04  -5.4076728239E-03  -4.3464518498E-04   3.2860358288E-05   1.8540798354E-04
    2      2.1384120147E-04   1.1581895511E-03   5.3058766667E-03   1.7201774934E-05   4.8811146733E-04
    3      5.9831302334E-03  -9.7399222075E-05  -5.2619703063E-04  -7.3160562123E-04  -1.4259544838E-05
    4     -2.6127335176E-04   2.7067675839E-03  -4.3514708068E-03  -7.7117908455E-06  -5.3605011304E-04
    5     -1.8747063558E-04   2.5988207041E-03  -7.3184311805E-03  -7.0743781323E-05  -1.0090173989E-03
    6      7.4988713608E-03  -2.3606443936E-03   1.4250898164E-03   9.3601661925E-04  -1.6041986888E-04
    7     -1.6997252602E-03  -4.5324292045E-02   3.5711229509E-02   1.1048004641E-04  -1.2469801476E-03
    8      8.8760672529E-05   8.0044521724E-03  -4.8121540631E-03  -7.2831622821E-05  -2.3332653666E-03
    9     -4.0173918872E-02  -1.1409446561E-02  -1.7777806718E-03  -2.3059099001E-03  -2.3838768913E-03
   10     -1.2506829323E-02  -2.9507846052E-01  -5.3302957173E-03  -1.5456306129E-03  -2.8750007973E-02
   11      4.4883899804E-04   4.0919540841E-02  -1.0170828921E-01  -2.1200641651E-03  -4.4783064511E-02
   12      5.8626273433E-03  -2.6322487311E-03  -2.2347537637E-03   1.9822240564E-03  -3.4335940845E-04
   13     -3.4856122691E-03  -4.3106676438E-02  -4.6589231102E-02  -3.2736065046E-04  -6.5679110816E-03
   14     -5.2120731074E-04  -1.1012915910E-02   6.3858407769E-03   1.5317099318E-04   3.0017431127E-03
   15      4.6486566687E-03  -2.1736263933E-05  -1.0070130891E-04   1.7456757507E-03  -1.1769555403E-04
   16      1.1906661951E-04   5.0053455967E-03   4.4182364988E-03  -9.4620901089E-05   2.7926827962E-04
   17     -3.9639161226E-04  -1.6657863352E-03  -8.5418483012E-03  -1.3619690947E-04  -1.9613180219E-03
   18     -5.3539701601E-04   3.2674049943E-05   2.4481339200E-05  -5.2110603016E-05   6.8673597865E-06
   19      3.0257558137E-05   8.6679010445E-05   2.2679609624E-05   2.2377858558E-06   4.4028654884E-05
   20      2.9048916630E-05   1.2611145739E-04   4.1893122421E-04   2.8727805814E-06   9.4814786564E-05
   21      8.2484303091E-05  -8.0691123068E-05   6.3474130945E-05   5.8065961353E-05   7.2861401796E-06
   22     -4.2942414712E-05  -1.4225581768E-03   1.2773608394E-03   2.1664161245E-05   2.0292115578E-04
   23     -1.4546701003E-05  -3.1602836452E-04   1.2910948666E-04   3.3584090736E-06   2.9109254779E-05
   24     -3.2646244042E-03   2.5053954075E-04   1.7353612364E-04  -5.8647423019E-04   3.7089764261E-05
   25      2.5223928945E-04   1.5394119639E-03   9.3828671180E-04   3.6249710916E-05   1.2876971677E-04
   26      1.7172240937E-04   8.8085695546E-04   2.0460960961E-03   2.1200895710E-05   1.1259562826E-04
   27      1.4419261844E-04  -5.3172359851E-05  -8.2027040009E-05  -1.4684129770E-04  -1.2167310308E-05
   28     -9.0416442869E-05  -8.9690513329E-04  -1.6527326240E-03  -1.3097384628E-05  -4.5938520883E-04
   29     -7.6052038502E-06  -1.0583214563E-04   3.6707936623E-05   1.0836734331E-05   1.0403831472E-04
   30      3.0194935759E-02   2.3545292998E-02   1.6925181532E-02  -7.9899755407E-03  -6.3276296405E-03
   31      2.3545292998E-02   4.6036501370E-01   1.0856294166E-01  -7.3477248270E-03  -8.5998970985E-02
   32      1.6925181532E-02   1.0856294166E-01   5.0785804691E-01  -1.4439933004E-02  -1.0359073427E-01
   33     -7.9899755407E-03  -7.3477248270E-03  -1.4439933004E-02   8.9895879380E-03   9.0960175956E-03
   34     -6.3276296405E-03  -8.5998970985E-02  -1.0359073427E-01   9.0960175956E-03   1.2148408053E-01
   35     -1.6530176247E-02  -1.4571627433E-01  -3.9516684476E-01   1.6543656969E-02   1.4899938761E-01
   36     -1.0773927012E-03   3.3676348875E-04   4.4949151679E-04  -1.7990604812E-03   1.7051658612E-04
   37      6.7467923316E-04   7.5323182615E-03   1.1024093614E-02   5.2442573121E-05   1.2348291892E-03
   38     -2.5608193686E-04  -3.4397949859E-03  -4.6330415828E-03   1.2313570139E-04   8.8246529962E-04
                   35                 36                 37                 38        
     0      3.4935072350E-05   4.3948960913E-03  -2.4402748803E-04  -4.4963190804E-05
     1      8.4037718497E-04  -3.7569266408E-04  -3.1408582136E-03  -5.2389156824E-04
     2     -3.9440776133E-04   2.1446271004E-04   4.9565795387E-03   3.5574250514E-03
     3     -5.6327403968E-05   2.3453280713E-03  -1.9609642091E-03  -9.4417426421E-04
     4     -7.2861454455E-04  -1.3840530717E-03  -2.0334584422E-02  -1.2320910292E-02
     5     -1.6426600001E-03  -2.0930114216E-03  -3.6360993981E-02  -1.2308747722E-02
     6      4.8228588888E-04  -1.9993432002E-02  -3.4767352316E-03  -4.3774193254E-03
     7      9.0995088958E-03  -3.3361963143E-03  -6.7278703162E-02  -4.6452262413E-02
     8      2.6483539551E-03  -4.5026222304E-03  -5.0422149930E-02  -1.1428096223E-01
     9     -5.2771683799E-04   4.4005013378E-03  -7.9275717833E-04  -2.1248829134E-03
    10     -1.1697081242E-02  -1.2580505037E-03  -1.0227718173E-02  -2.2965269496E-02
    11     -7.7238566968E-04  -1.1968403372E-03  -3.5759649471E-03  -3.8603360961E-02
    12      1.8176300647E-04   3.5956399346E-03  -2.1539926244E-06   2.4957902806E-04
    13      3.6313858185E-03   1.3479614733E-04   2.5737677978E-03   7.7277224047E-03
    14      2.3600478751E-03  -3.1434334486E-05   1.9156694882E-03  -1.6148865295E-03
    15     -9.5814775976E-05  -5.8091002786E-04  -5.5090825065E-05  -6.3294058528E-05
    16     -1.0790140846E-03  -5.7809456905E-05  -1.1050392411E-03  -1.2899300417E-03
    17      1.0104364451E-05  -6.3182961920E-05  -1.2761859055E-03  -6.9298211021E-04
    18     -6.4158783646E-06   5.1979975073E-04  -9.5440683985E-05  -3.9267525647E-05
    19     -9.1620490261E-05  -6.2557672169E-05  -6.7738035390E-04  -2.0333873059E-04
    20     -1.2890419259E-04  -1.0577018129E-04  -1.5812802019E-03  -7.2970665920E-04
    21      2.9792835777E-05  -2.7801796796E-03   2.0879799110E-04   1.2177758254E-04
    22      5.9330374474E-04   2.2331971958E-04   1.6038495219E-03   5.0824387383E-04
    23      1.5267640083E-04   9.3275644701E-05  -8.6942204671E-05   1.2870058542E-03
    24      2.0577997033E-05  -6.1917157750E-05  -1.2187787694E-05  -1.0271118597E-04
    25      8.5215266823E-05  -4.3895214024E-05  -2.0953185677E-04  -1.5568111878E-03
    26      5.9423574874E-05  -3.6621404641E-05  -2.0024482860E-04  -1.2032892917E-03
    27      9.6283082217E-06  -6.9114392968E-04   3.5589925245E-05   9.0624801319E-06
    28      7.6140365692E-05   3.7050659896E-05   1.4152307569E-04  -1.2702292223E-04
    29      9.4493344558E-05   7.7007894133E-06  -1.7428472015E-04  -2.4932788438E-05
    30     -1.6530176247E-02  -1.0773927012E-03   6.7467923316E-04  -2.5608193686E-04
    31     -1.4571627433E-01   3.3676348875E-04   7.5323182615E-03  -3.4397949859E-03
    32     -3.9516684476E-01   4.4949151679E-04   1.1024093614E-02  -4.6330415828E-03
    33      1.6543656969E-02  -1.7990604812E-03   5.2442573121E-05   1.2313570139E-04
    34      1.4899938761E-01   1.7051658612E-04   1.2348291892E-03   8.8246529962E-04
    35      3.9142841269E-01  -1.2185370962E-04  -4.0475800934E-03   1.3516901789E-03
    36     -1.2185370962E-04   1.1727870794E-02   5.6418279844E-03   7.4178227644E-03
    37     -4.0475800934E-03   5.6418279844E-03   8.9887527576E-02   7.9795042116E-02
    38      1.3516901789E-03   7.4178227644E-03   7.9795042116E-02   1.6789578879E-01

$vibrational_frequencies
39
    0        0.0000000000000000
    1        0.0000000000000000
    2        0.0000000000000000
    3        0.0000000000000000
    4        0.0000000000000000
    5        0.0000000000000000
    6      154.4997523211337693
    7      245.5872009041717661
    8      255.6289621008679944
    9      365.9734791272862253
   10      429.7588588551016073
   11      477.1344024089577260
   12      484.6256152377077342
   13      532.5834465585065800
   14      546.2938218491877933
   15      669.8572983279160553
   16      688.2063499981851464
   17      727.1449304895720616
   18      823.9028561654184841
   19      824.3667549256391567
   20      887.5586306435939150
   21      907.6468543624015410
   22     1020.8282356233584096
   23     1033.3512773765016846
   24     1111.7508342681558133
   25     1143.2635696438524064
   26     1186.0276092476724443
   27     1248.7900009264551500
   28     1303.7626478087065607
   29     1364.8105985763709214
   30     1451.2073146333389104
   31     1468.4073667014108651
   32     1583.4201005514771623
   33     1593.0841954843988333
   34     3109.6478806493823868
   35     3121.7544813026397605
   36     3128.7797152166472188
   37     3136.9182111188511044
   38     3566.7631969375674998

$normal_modes
39 39
                    0                  1                  2                  3                  4        
    0      0.0000000000E+00   0.0000000000E+00   0.0000000000E+00   0.0000000000E+00   0.0000000000E+00
    1      0.0000000000E+00   0.0000000000E+00   0.0000000000E+00   0.0000000000E+00   0.0000000000E+00
    2      0.0000000000E+00   0.0000000000E+00   0.0000000000E+00   0.0000000000E+00   0.0000000000E+00
    3      0.0000000000E+00   0.0000000000E+00   0.0000000000E+00   0.0000000000E+00   0.0000000000E+00
    4      0.0000000000E+00   0.0000000000E+00   0.0000000000E+00   0.0000000000E+00   0.0000000000E+00
    5      0.0000000000E+00   0.0000000000E+00   0.0000000000E+00   0.0000000000E+00   0.0000000000E+00
    6      0.0000000000E+00   0.0000000000E+00   0.0000000000E+00   0.0000000000E+00   0.0000000000E+00
    7      0.0000000000E+00   0.0000000000E+00   0.0000000000E+00   0.0000000000E+00   0.0000000000E+00
    8      0.0000000000E+00   0.0000000000E+00   0.0000000000E+00   0.0000000000E+00   0.0000000000E+00
    9      0.0000000000E+00   0.0000000000E+00   0.0000000000E+00   0.0000000000E+00   0.0000000000E+00
   10      0.0000000000E+00   0.0000000000E+00   0.0000000000E+00   0.0000000000E+00   0.0000000000E+00
   11      0.0000000000E+00   0.0000000000E+00   0.0000000000E+00   0.0000000000E+00   0.0000000000E+00
   12      0.0000000000E+00   0.0000000000E+00   0.0000000000E+00   0.0000000000E+00   0.0000000000E+00
   13      0.0000000000E+00   0.0000000000E+00   0.0000000000E+00   0.0000000000E+00   0.0000000000E+00
   14      0.0000000000E+00   0.0000000000E+00   0.0000000000E+00   0.0000000000E+00   0.0000000000E+00
   15      0.0000000000E+00   0.0000000000E+00   0.0000000000E+00   0.0000000000E+00   0.0000000000E+00
   16      0.0000000000E+00   0.0000000000E+00   0.0000000000E+00   0.0000000000E+00   0.0000000000E+00
   17      0.0000000000E+00   0.0000000000E+00   0.0000000000E+00   0.0000000000E+00   0.0000000000E+00
   18      0.0000000000E+00   0.0000000000E+00   0.0000000000E+00   0.0000000000E+00   0.0000000000E+00
   19      0.0000000000E+00   0.0000000000E+00   0.0000000000E+00   0.0000000000E+00   0.0000000000E+00
   20      0.0000000000E+00   0.0000000000E+00   0.0000000000E+00   0.0000000000E+00   0.0000000000E+00
   21      0.0000000000E+00   0.0000000000E+00   0.0000000000E+00   0.0000000000E+00   0.0000000000E+00
   22      0.0000000000E+00   0.0000000000E+00   0.0000000000E+00   0.0000000000E+00   0.0000000000E+00
   23      0.0000000000E+00   0.0000000000E+00   0.0000000000E+00   0.0000000000E+00   0.0000000000E+00
   24      0.0000000000E+00   0.0000000000E+00   0.0000000000E+00   0.0000000000E+00   0.0000000000E+00
   25      0.0000000000E+00   0.0000000000E+00   0.0000000000E+00   0.0000000000E+00   0.0000000000E+00
   26      0.0000000000E+00   0.0000000000E+00   0.0000000000E+00   0.0000000000E+00   0.0000000000E+00
   27      0.0000000000E+00   0.0000000000E+00   0.0000000000E+00   0.0000000000E+00   0.0000000000E+00
   28      0.0000000000E+00   0.0000000000E+00   0.0000000000E+00   0.0000000000E+00   0.0000000000E+00
   29      0.0000000000E+00   0.0000000000E+00   0.0000000000E+00   0.0000000000E+00   0.0000000000E+00
   30      0.0000000000E+00   0.0000000000E+00   0.0000000000E+00   0.0000000000E+00   0.0000000000E+00
   31      0.0000000000E+00   0.0000000000E+00   0.0000000000E+00   0.0000000000E+00   0.0000000000E+00
   32      0.0000000000E+00   0.0000000000E+00   0.0000000000E+00   0.0000000000E+00   0.0000000000E+00
   33      0.0000000000E+00   0.0000000000E+00   0.0000000000E+00   0.0000000000E+00   0.0000000000E+00
   34      0.0000000000E+00   0.0000000000E+00   0.0000000000E+00   0.0000000000E+00   0.0000000000E+00
   35      0.0000000000E+00   0.0000000000E+00   0.0000000000E+00   0.0000000000E+00   0.0000000000E+00
   36      0.0000000000E+00   0.0000000000E+00   0.0000000000E+00   0.0000000000E+00   0.0000000000E+00
   37      0.0000000000E+00   0.0000000000E+00   0.0000000000E+00   0.0000000000E+00   0.0000000000E+00
   38      0.0000000000E+00   0.0000000000E+00   0.0000000000E+00   0.0000000000E+00   0.0000000000E+00
                    5                  6                  7                  8                  9        
    0      0.0000000000E+00  -1.1829276830E-01   9.2898163660E-03  -2.3962633097E-01   6.5142131806E-03
    1      0.0000000000E+00   5.6465342966E-03   6.7607920309E-02   1.2209312827E-02   8.7029814689E-04
    2      0.0000000000E+00   2.9594777911E-03   9.4474074833E-02   6.5819080992E-03   2.6232101329E-01
    3      0.0000000000E+00  -2.6917229096E-01   7.1052413656E-03   1.5542086578E-01   8.6371921844E-03
    4      0.0000000000E+00   1.3150883604E-02   1.8877679909E-01  -5.8490845633E-03   1.1974748258E-01
    5      0.0000000000E+00   6.3608152216E-03  -3.9080197552E-03  -3.6021967930E-03   1.3060083935E-01
    6      0.0000000000E+00  -1.3181519509E-01   3.1433631945E-03   3.2579022812E-01  -1.1594858423E-03
    7      0.0000000000E+00   6.5277256030E-03   1.8872674204E-01  -1.3973776308E-02   6.1900246536E-02
    8      0.0000000000E+00   2.9204079028E-03  -4.6245900825E-02  -7.9959297296E-03  -1.7978324515E-01
    9      0.0000000000E+00  -6.7284490603E-02  -1.0816311015E-03   2.1908106881E-01   5.9637577427E-03
   10      0.0000000000E+00   3.4099645962E-03   9.9856845882E-02  -9.6528039423E-03   1.7062419006E-01
   11      0.0000000000E+00   1.3859141345E-03  -1.1359741735E-01  -6.1766378937E-03  -9.8882256614E-02
   12      0.0000000000E+00   2.2198008275E-01  -6.5668037364E-03   2.3670873628E-01   1.0499478690E-03
   13      0.0000000000E+00  -1.0807427954E-02  -4.1969133306E-02  -1.1721900531E-02   2.4644886712E-02
   14      0.0000000000E+00  -5.3607315184E-03  -3.6497672304E-02  -5.9072742745E-03   2.6069958535E-03
   15      0.0000000000E+00   2.2920954943E-01   1.0420699535E-03  -1.3935837880E-01   5.9517765109E-03
